 1.000000          0.7347700
      42        38
  1.0000000e-008
  1.9953000e-008
  3.9811000e-008
  7.9433000e-008
  1.5849000e-007
  3.1623000e-007
  6.3096000e-007
  1.2589000e-006
  2.5119000e-006
  5.0119000e-006
  1.0000000e-005
  1.7000000e-005
  2.7000000e-005
  4.4000000e-005
  7.0000000e-005
  1.0000000e-004
  1.7000000e-004
  2.7000000e-004
  4.4000000e-004
  7.0000000e-004
  1.1000000e-003
  1.8000000e-003
  3.0000000e-003
  4.8000000e-003
  7.7000000e-003
  1.2000000e-002
  2.0000000e-002
  3.2000000e-002
  5.2000000e-002
  8.4000000e-002
  1.4000000e-001
  2.2000000e-001
  3.5000000e-001
  5.7000000e-001
  9.2000000e-001
  1.5000000e+000
  2.4000000e+000
  3.8000000e+000
  6.2000000e+000
  1.0000000e+001
  2.0000000e+001
  4.0000000e+001
  1.0000000e-010
  1.0000000e-009
  1.0000000e-008
  1.0000000e-007
  1.0000000e-006
  1.0000000e-005
  1.0000000e-004
  3.0000000e-004
  1.0000000e-003
  3.0000000e-003
  1.0000000e-002
  3.0000000e-002
  1.0000000e-001
  3.0000000e-001
  3.1538133e-001
  3.3155128e-001
  3.4855027e-001
  3.6642083e-001
  3.8520763e-001
  4.0495764e-001
  4.2572026e-001
  4.4754741e-001
  4.7049366e-001
  4.9461638e-001
  5.1997591e-001
  5.4663564e-001
  5.7466225e-001
  6.0412581e-001
  6.3510000e-001
  6.6766228e-001
  7.0189406e-001
  7.3788093e-001
  7.7571290e-001
  8.1548455e-001
  8.5729534e-001
  9.0124981e-001
  9.4745787e-001
  9.9603508e-001
  1.9322562e+041
  9.6840384e+040
  4.8535736e+040
  3.1366435e+040
  1.5720516e+040
  7.8789256e+039
  3.9488232e+039
  1.9791158e+039
  9.9191621e+038
  4.9870547e+038
  2.5519218e+038
  1.3980274e+038
  8.3120354e+037
  5.2336422e+037
  2.9842609e+037
  2.1434660e+037
  1.3301420e+037
  8.9964593e+036
  6.2265979e+036
  4.7140192e+036
  3.9729537e+036
  3.8112004e+036
  4.2583806e+036
  5.2132656e+036
  6.6647118e+036
  8.3450330e+036
  1.0308285e+037
  1.1734989e+037
  1.2580244e+037
  1.2572082e+037
  1.2322554e+037
  1.1575931e+037
  9.8840560e+036
  7.4027031e+036
  5.0479734e+036
  3.2288422e+036
  2.0472010e+036
  1.2983114e+036
  7.8460472e+035
  4.6564249e+035
  1.7534392e+035
  1.6215077e+029
  1.9322562e+041
  9.6840384e+040
  4.8535736e+040
  3.1366435e+040
  1.5720516e+040
  7.8789256e+039
  3.9488232e+039
  1.9791158e+039
  9.9191621e+038
  4.9870547e+038
  2.5519218e+038
  1.3980274e+038
  8.3120354e+037
  5.2336422e+037
  2.9842609e+037
  2.1434660e+037
  1.3301420e+037
  8.9964593e+036
  6.2265979e+036
  4.7140192e+036
  3.9729537e+036
  3.8112004e+036
  4.2583806e+036
  5.2132656e+036
  6.6647118e+036
  8.3450330e+036
  1.0308285e+037
  1.1734989e+037
  1.2580244e+037
  1.2572082e+037
  1.2322554e+037
  1.1575931e+037
  9.8840560e+036
  7.4027031e+036
  5.0479734e+036
  3.2288422e+036
  2.0472010e+036
  1.2983114e+036
  7.8460472e+035
  4.6564249e+035
  1.7534392e+035
  1.6215077e+029
  4.2271436e+040
  4.2271436e+040
  3.4359440e+040
  2.3188615e+040
  1.4200447e+040
  7.7433117e+039
  3.9486639e+039
  1.9790360e+039
  9.9187621e+038
  4.9868542e+038
  2.5518213e+038
  1.3979779e+038
  8.3118080e+037
  5.2335692e+037
  2.9842609e+037
  2.1434660e+037
  1.3301420e+037
  8.9964593e+036
  6.2265979e+036
  4.7140192e+036
  3.9729537e+036
  3.8112004e+036
  4.2583806e+036
  5.2132656e+036
  6.6647118e+036
  8.3450330e+036
  1.0308285e+037
  1.1734989e+037
  1.2580244e+037
  1.2572082e+037
  1.2322554e+037
  1.1575931e+037
  9.8840560e+036
  7.4027031e+036
  5.0479734e+036
  3.2288422e+036
  2.0472010e+036
  1.2983114e+036
  7.8460472e+035
  4.6564249e+035
  1.7534392e+035
  1.6215077e+029
  9.4338577e+038
  1.8823376e+039
  3.0527517e+039
  3.6809698e+039
  3.8935039e+039
  3.4800034e+039
  2.6322728e+039
  1.6961834e+039
  9.5595124e+038
  4.9714611e+038
  2.5444989e+038
  1.3951117e+038
  8.3025692e+037
  5.2313237e+037
  2.9840461e+037
  2.1433878e+037
  1.3301226e+037
  8.9962645e+036
  6.2265979e+036
  4.7140192e+036
  3.9729537e+036
  3.8112004e+036
  4.2583806e+036
  5.2132656e+036
  6.6647118e+036
  8.3450330e+036
  1.0308285e+037
  1.1734989e+037
  1.2580244e+037
  1.2572082e+037
  1.2322554e+037
  1.1575931e+037
  9.8840560e+036
  7.4027031e+036
  5.0479734e+036
  3.2288422e+036
  2.0472010e+036
  1.2983114e+036
  7.8460472e+035
  4.6564249e+035
  1.7534392e+035
  1.6215077e+029
  7.8053429e+036
  1.5574001e+037
  3.1073851e+037
  7.7292069e+037
  1.3714318e+038
  2.1283087e+038
  2.8137399e+038
  3.1480811e+038
  2.9762693e+038
  2.4011560e+038
  1.6964911e+038
  1.1439499e+038
  7.5928527e+037
  5.0393244e+037
  2.9634394e+037
  2.1359297e+037
  1.3284615e+037
  8.9917714e+036
  6.2254198e+036
  4.7136295e+036
  3.9728368e+036
  3.8111615e+036
  4.2583806e+036
  5.2132656e+036
  6.6647118e+036
  8.3450330e+036
  1.0308285e+037
  1.1734989e+037
  1.2580244e+037
  1.2572082e+037
  1.2322554e+037
  1.1575931e+037
  9.8840560e+036
  7.4027031e+036
  5.0479734e+036
  3.2288422e+036
  2.0472010e+036
  1.2983114e+036
  7.8460472e+035
  4.6564249e+035
  1.7534392e+035
  1.6215077e+029
  7.1728150e+034
  1.4311918e+035
  2.8555694e+035
  7.3467467e+035
  1.4658690e+036
  2.9247751e+036
  5.7354769e+036
  1.0518323e+037
  1.7176198e+037
  2.3792529e+037
  2.8020153e+037
  2.8286657e+037
  2.6473376e+037
  2.3459135e+037
  1.9896158e+037
  1.6647678e+037
  1.1924929e+037
  8.5756923e+036
  6.1108910e+036
  4.6801773e+036
  3.9626829e+036
  3.8082563e+036
  4.2575162e+036
  5.2128759e+036
  6.6647118e+036
  8.3450330e+036
  1.0308285e+037
  1.1734989e+037
  1.2580244e+037
  1.2572082e+037
  1.2322554e+037
  1.1575931e+037
  9.8840560e+036
  7.4027031e+036
  5.0479734e+036
  3.2288422e+036
  2.0472010e+036
  1.2983114e+036
  7.8460472e+035
  4.6564249e+035
  1.7534392e+035
  1.6215077e+029
  7.0309017e+033
  1.4028758e+034
  2.7990723e+034
  7.2013167e+034
  1.4368519e+035
  2.8668787e+035
  5.7201640e+035
  1.1413230e+036
  2.2772499e+036
  3.8836877e+036
  5.5382062e+036
  5.8426816e+036
  5.4993429e+036
  4.9056673e+036
  4.3409796e+036
  4.1030763e+036
  3.9030620e+036
  3.7815906e+036
  3.6004605e+036
  3.4458233e+036
  3.4091409e+036
  3.6002652e+036
  4.1887051e+036
  5.1887557e+036
  6.6563519e+036
  8.3421107e+036
  1.0307191e+037
  1.1734953e+037
  1.2580244e+037
  1.2572082e+037
  1.2322548e+037
  1.1575930e+037
  9.8840560e+036
  7.4027031e+036
  5.0479734e+036
  3.2288422e+036
  2.0472010e+036
  1.2983114e+036
  7.8460472e+035
  4.6564249e+035
  1.7534392e+035
  1.6215077e+029
  2.9245712e+033
  5.8353969e+033
  1.1643010e+034
  2.9953988e+034
  5.9766078e+034
  1.1924826e+035
  2.3793110e+035
  4.7473504e+035
  9.4722559e+035
  1.6269697e+036
  2.3526866e+036
  2.5702124e+036
  2.5392934e+036
  2.4195134e+036
  2.3191108e+036
  2.2995007e+036
  2.1753382e+036
  2.1413932e+036
  2.2261349e+036
  2.4211691e+036
  2.7076923e+036
  3.1777025e+036
  3.9690994e+036
  5.0828406e+036
  6.6101210e+036
  8.3219987e+036
  1.0299851e+037
  1.1732469e+037
  1.2580204e+037
  1.2572385e+037
  1.2322520e+037
  1.1575930e+037
  9.8840560e+036
  7.4027031e+036
  5.0479734e+036
  3.2288422e+036
  2.0472010e+036
  1.2983114e+036
  7.8460472e+035
  4.6564249e+035
  1.7534392e+035
  1.6215077e+029
  8.6288567e+032
  1.7217158e+033
  3.4352341e+033
  8.8369192e+033
  1.7631977e+034
  3.5180202e+034
  7.0193593e+034
  1.4005464e+035
  2.7944715e+035
  4.9146859e+035
  7.4030745e+035
  8.8096553e+035
  9.4817276e+035
  9.9170612e+035
  1.0329376e+036
  1.1516193e+036
  1.2517180e+036
  1.3671050e+036
  1.5278312e+036
  1.7575494e+036
  2.1136282e+036
  2.7150770e+036
  3.6590517e+036
  4.8864980e+036
  6.4933497e+036
  8.2542678e+036
  1.0267549e+037
  1.1719442e+037
  1.2576316e+037
  1.2565131e+037
  1.2322326e+037
  1.1575930e+037
  9.8840560e+036
  7.4027031e+036
  5.0479734e+036
  3.2288422e+036
  2.0472010e+036
  1.2983114e+036
  7.8460472e+035
  4.6564249e+035
  1.7534392e+035
  1.6215077e+029
  1.9934607e+032
  3.9775521e+032
  7.9361663e+032
  2.0408292e+033
  4.0719911e+033
  8.1246414e+033
  1.6210759e+034
  3.2344700e+034
  6.4536524e+034
  1.1975314e+035
  1.9951505e+035
  2.8541415e+035
  3.7033733e+035
  4.5586528e+035
  5.4073953e+035
  6.3314967e+035
  7.7132925e+035
  9.3443961e+035
  1.1659946e+036
  1.4652398e+036
  1.8680558e+036
  2.4903450e+036
  3.4468377e+036
  4.7008755e+036
  6.3500291e+036
  8.1542164e+036
  1.0207811e+037
  1.1683126e+037
  1.2553215e+037
  1.2554156e+037
  1.2322310e+037
  1.1575930e+037
  9.8840560e+036
  7.4027031e+036
  5.0479734e+036
  3.2288422e+036
  2.0472010e+036
  1.2983114e+036
  7.8460472e+035
  4.6564249e+035
  1.7534392e+035
  1.6215077e+029
  6.5079512e+031
  1.2985315e+032
  2.5908804e+032
  6.6775288e+032
  1.3323431e+033
  2.6583592e+033
  5.3041127e+033
  1.0583073e+034
  2.1116167e+034
  3.9463862e+034
  6.7996324e+034
  1.0405058e+035
  1.5220712e+035
  2.1693779e+035
  2.9313723e+035
  3.7412191e+035
  5.2669445e+035
  7.0208679e+035
  9.5241093e+035
  1.2819654e+036
  1.7253149e+036
  2.3978134e+036
  3.3860337e+036
  4.6369605e+036
  6.2719661e+036
  8.0906892e+036
  1.0210693e+037
  1.1766669e+037
  1.2707401e+037
  1.2729838e+037
  1.2324059e+037
  1.1575931e+037
  9.8840560e+036
  7.4027031e+036
  5.0479734e+036
  3.2288422e+036
  2.0472010e+036
  1.2983114e+036
  7.8460472e+035
  4.6564249e+035
  1.7534392e+035
  1.6215077e+029
  1.4524655e+032
  2.8981044e+032
  5.7824103e+032
  1.4978625e+033
  2.9886315e+033
  5.9630718e+033
  1.1897866e+034
  2.3739289e+034
  4.7366530e+034
  8.8022153e+034
  1.4924260e+035
  2.1853044e+035
  3.0036784e+035
  3.9858454e+035
  5.0590789e+035
  6.0069354e+035
  7.5883238e+035
  9.3110273e+035
  1.1776455e+036
  1.5094271e+036
  1.9664061e+036
  2.6805965e+036
  3.7572713e+036
  5.1517390e+036
  7.0213983e+036
  9.1505571e+036
  1.1664135e+037
  1.3513971e+037
  1.4647054e+037
  1.4517311e+037
  1.2339534e+037
  1.1575933e+037
  9.8840560e+036
  7.4027031e+036
  5.0479734e+036
  3.2288422e+036
  2.0472010e+036
  1.2983114e+036
  7.8460472e+035
  4.6564249e+035
  1.7534392e+035
  1.6215077e+029
  1.3807600e+032
  2.7550305e+032
  5.4969438e+032
  1.4137994e+033
  2.8209018e+033
  5.6284054e+033
  1.1230123e+034
  2.2407026e+034
  4.4708155e+034
  8.5408116e+034
  1.5259657e+035
  2.5077067e+035
  3.9460091e+035
  6.0190398e+035
  8.5475382e+035
  1.1717577e+036
  1.8699416e+036
  2.7766391e+036
  4.1666156e+036
  6.0520879e+036
  8.5651362e+036
  1.2217039e+037
  1.7152857e+037
  2.2675075e+037
  2.8558361e+037
  3.3141882e+037
  3.5548964e+037
  3.4303178e+037
  3.0132900e+037
  2.2828525e+037
  1.2362530e+037
  1.1575914e+037
  9.8840560e+036
  7.4027031e+036
  5.0479734e+036
  3.2288422e+036
  2.0472010e+036
  1.2983114e+036
  7.8460472e+035
  4.6564249e+035
  1.7534392e+035
  1.6215077e+029
  1.3345380e+029
  2.6628037e+029
  5.3129292e+029
  1.9177108e+030
  3.8263303e+030
  7.6344182e+030
  1.5232651e+031
  3.0393868e+031
  6.0642819e+031
  9.5908357e+031
  9.9840782e+031
  3.8757399e+031
 -8.6145600e+031
 -3.5367236e+032
 -8.0913385e+032
 -1.3433818e+033
 -2.6881900e+033
 -4.7411845e+033
 -8.4134227e+033
 -1.4243667e+034
 -2.3434591e+034
 -3.9769843e+034
 -6.8019652e+034
 -1.1055968e+035
 -1.7920279e+035
 -2.8104466e+035
 -4.7056332e+035
 -7.5485026e+035
 -1.2229387e+036
 -3.6835282e+035
  1.2196041e+037
  1.1575883e+037
  9.8840560e+036
  7.4027031e+036
  5.0479734e+036
  3.2288422e+036
  2.0472010e+036
  1.2983114e+036
  7.8460472e+035
  4.6564249e+035
  1.7534392e+035
  1.6215077e+029
  1.3311939e+029
  2.6561312e+029
  5.2996160e+029
  1.9142856e+030
  3.8194962e+030
  7.6207823e+030
  1.5205443e+031
  3.0339583e+031
  6.0534505e+031
  9.5990802e+031
  1.0084109e+032
  4.2168615e+031
 -7.8677270e+031
 -3.3990912e+032
 -7.8787654e+032
 -1.3105812e+033
 -2.6295862e+033
 -4.6516628e+033
 -8.2840573e+033
 -1.4072246e+034
 -2.3221274e+034
 -3.9512021e+034
 -6.7716020e+034
 -1.1021031e+035
 -1.7880013e+035
 -2.8058340e+035
 -4.7002317e+035
 -7.5423146e+035
 -1.2222570e+036
 -3.6776967e+035
  1.2196044e+037
  1.1575883e+037
  9.8840560e+036
  7.4027031e+036
  5.0479734e+036
  3.2288422e+036
  2.0472010e+036
  1.2983114e+036
  7.8460472e+035
  4.6564249e+035
  1.7534392e+035
  1.6215077e+029
  1.3278528e+029
  2.6494647e+029
  5.2863148e+029
  1.9108635e+030
  3.8126681e+030
  7.6071587e+030
  1.5178261e+031
  3.0285346e+031
  6.0426288e+031
  9.6073278e+031
  1.0184436e+032
  4.5605972e+031
 -7.1109617e+031
 -3.2587667e+032
 -7.6610218e+032
 -1.2767665e+033
 -2.5685263e+033
 -4.5575557e+033
 -8.1469450e+033
 -1.3889432e+034
 -2.2992816e+034
 -3.9235219e+034
 -6.7389945e+034
 -1.0983576e+035
 -1.7837017e+035
 -2.8009372e+035
 -4.6945476e+035
 -7.5358634e+035
 -1.2215537e+036
 -3.6717461e+035
  1.2196047e+037
  1.1575883e+037
  9.8840560e+036
  7.4027031e+036
  5.0479734e+036
  3.2288422e+036
  2.0472010e+036
  1.2983114e+036
  7.8460472e+035
  4.6564249e+035
  1.7534392e+035
  1.6215077e+029
  1.3245147e+029
  2.6428042e+029
  5.2730255e+029
  1.9074444e+030
  3.8058463e+030
  7.5935474e+030
  1.5151103e+031
  3.0231159e+031
  6.0318169e+031
  9.6155786e+031
  1.0285060e+032
  4.9069668e+031
 -6.3441320e+031
 -3.1156974e+032
 -7.4379817e+032
 -1.2419065e+033
 -2.5049073e+033
 -4.4586284e+033
 -8.0016220e+033
 -1.3694470e+034
 -2.2748144e+034
 -3.8938041e+034
 -6.7039768e+034
 -1.0943424e+035
 -1.7791104e+035
 -2.7957387e+035
 -4.6885661e+035
 -7.5291378e+035
 -1.2208282e+036
 -3.6656738e+035
  1.2196051e+037
  1.1575883e+037
  9.8840560e+036
  7.4027031e+036
  5.0479734e+036
  3.2288422e+036
  2.0472010e+036
  1.2983114e+036
  7.8460472e+035
  4.6564249e+035
  1.7534392e+035
  1.6215077e+029
  1.3211796e+029
  2.6361497e+029
  5.2597483e+029
  1.9040285e+030
  3.7990306e+030
  7.5799483e+030
  1.5123969e+031
  3.0177020e+031
  6.0210148e+031
  9.6238326e+031
  1.0385982e+032
  5.2559907e+031
 -5.5671040e+031
 -2.9698296e+032
 -7.2095165e+032
 -1.2059688e+033
 -2.4386222e+033
 -4.3546339e+033
 -7.8475965e+033
 -1.3486550e+034
 -2.2486106e+034
 -3.8618984e+034
 -6.6663708e+034
 -1.0900379e+035
 -1.7742078e+035
 -2.7902200e+035
 -4.6822716e+035
 -7.5221261e+035
 -1.2200796e+036
 -3.6594776e+035
  1.2196054e+037
  1.1575883e+037
  9.8840560e+036
  7.4027031e+036
  5.0479734e+036
  3.2288422e+036
  2.0472010e+036
  1.2983114e+036
  7.8460472e+035
  4.6564249e+035
  1.7534392e+035
  1.6215077e+029
  1.3178476e+029
  2.6295012e+029
  5.2464829e+029
  1.9006156e+030
  3.7922210e+030
  7.5663615e+030
  1.5096860e+031
  3.0122930e+031
  6.0102223e+031
  9.6320897e+031
  1.0487204e+032
  5.6076891e+031
 -4.7797421e+031
 -2.8211085e+032
 -6.9754941e+032
 -1.1689201e+033
 -2.3695590e+033
 -4.2453128e+033
 -7.6843474e+033
 -1.3264813e+034
 -2.2205470e+034
 -3.8276440e+034
 -6.6259852e+034
 -1.0854234e+035
 -1.7689727e+035
 -2.7843612e+035
 -4.6756478e+035
 -7.5148161e+035
 -1.2193074e+036
 -3.6531547e+035
  1.2196058e+037
  1.1575883e+037
  9.8840560e+036
  7.4027031e+036
  5.0479734e+036
  3.2288422e+036
  2.0472010e+036
  1.2983114e+036
  7.8460472e+035
  4.6564249e+035
  1.7534392e+035
  1.6215077e+029
  1.3145185e+029
  2.6228588e+029
  5.2332296e+029
  1.8972058e+030
  3.7854175e+030
  7.5527869e+030
  1.5069775e+031
  3.0068889e+031
  5.9994396e+031
  9.6403501e+031
  1.0588725e+032
  5.9620826e+031
 -3.9819090e+031
 -2.6694783e+032
 -6.7357793e+032
 -1.1307261e+033
 -2.2976015e+033
 -4.1303921e+033
 -7.5113223e+033
 -1.3028340e+034
 -2.1904915e+034
 -3.7908679e+034
 -6.5826145e+034
 -1.0804764e+035
 -1.7633826e+035
 -2.7781416e+035
 -4.6686774e+035
 -7.5071952e+035
 -1.2185107e+036
 -3.6467027e+035
  1.2196061e+037
  1.1575883e+037
  9.8840560e+036
  7.4027031e+036
  5.0479734e+036
  3.2288422e+036
  2.0472010e+036
  1.2983114e+036
  7.8460472e+035
  4.6564249e+035
  1.7534392e+035
  1.6215077e+029
  1.3111924e+029
  2.6162223e+029
  5.2199882e+029
  1.8937991e+030
  3.7786202e+030
  7.5392246e+030
  1.5042715e+031
  3.0014896e+031
  5.9886667e+031
  9.6486135e+031
  1.0690547e+032
  6.3191917e+031
 -3.1734652e+031
 -2.5148822e+032
 -6.4902338e+032
 -1.0913512e+033
 -2.2226282e+033
 -4.0095851e+033
 -7.3279359e+033
 -1.2776152e+034
 -2.1583029e+034
 -3.7513845e+034
 -6.5360380e+034
 -1.0751731e+035
 -1.7574134e+035
 -2.7715387e+035
 -4.6613423e+035
 -7.4992501e+035
 -1.2176887e+036
 -3.6401189e+035
  1.2196065e+037
  1.1575883e+037
  9.8840560e+036
  7.4027031e+036
  5.0479734e+036
  3.2288422e+036
  2.0472010e+036
  1.2983114e+036
  7.8460472e+035
  4.6564249e+035
  1.7534392e+035
  1.6215077e+029
  1.3078694e+029
  2.6095917e+029
  5.2067587e+029
  1.8903954e+030
  3.7718290e+030
  7.5256745e+030
  1.5015679e+031
  2.9960952e+031
  5.9779034e+031
  9.6568802e+031
  1.0792670e+032
  6.6790374e+031
 -2.3542698e+031
 -2.3572621e+032
 -6.2387156e+032
 -1.0507591e+033
 -2.1445128e+033
 -3.8825902e+033
 -7.1335676e+033
 -1.2507205e+034
 -2.1238296e+034
 -3.7089944e+034
 -6.4860189e+034
 -1.0694877e+035
 -1.7510393e+035
 -2.7645291e+035
 -4.6536234e+035
 -7.4909670e+035
 -1.2168408e+036
 -3.6334005e+035
  1.2196068e+037
  1.1575883e+037
  9.8840560e+036
  7.4027031e+036
  5.0479734e+036
  3.2288422e+036
  2.0472010e+036
  1.2983114e+036
  7.8460472e+035
  4.6564249e+035
  1.7534392e+035
  1.6215077e+029
  1.3045493e+029
  2.6029672e+029
  5.1935411e+029
  1.8869948e+030
  3.7650439e+030
  7.5121365e+030
  1.4988667e+031
  2.9907057e+031
  5.9671498e+031
  9.6651500e+031
  1.0895096e+032
  7.0416406e+031
 -1.5241796e+031
 -2.1965588e+032
 -5.9810796e+032
 -1.0089121e+033
 -2.0631236e+033
 -3.7490906e+033
 -6.9275599e+033
 -1.2220384e+034
 -2.0869096e+034
 -3.6634837e+034
 -6.4323027e+034
 -1.0633928e+035
 -1.7442330e+035
 -2.7570876e+035
 -4.6455006e+035
 -7.4823315e+035
 -1.2159660e+036
 -3.6265449e+035
  1.2196072e+037
  1.1575883e+037
  9.8840560e+036
  7.4027031e+036
  5.0479734e+036
  3.2288422e+036
  2.0472010e+036
  1.2983114e+036
  7.8460472e+035
  4.6564249e+035
  1.7534392e+035
  1.6215077e+029
  1.3012322e+029
  2.5963486e+029
  5.1803355e+029
  1.8835973e+030
  3.7582650e+030
  7.4986108e+030
  1.4961680e+031
  2.9853210e+031
  5.9564059e+031
  9.6734230e+031
  1.0997825e+032
  7.4070223e+031
 -6.8304995e+030
 -2.0327121e+032
 -5.7171768e+032
 -9.6577144e+032
 -1.9783235e+033
 -3.6087530e+033
 -6.7092156e+033
 -1.1914501e+034
 -2.0473692e+034
 -3.6146227e+034
 -6.3746161e+034
 -1.0568588e+035
 -1.7369651e+035
 -2.7491876e+035
 -4.6369529e+035
 -7.4733287e+035
 -1.2150635e+036
 -3.6195493e+035
  1.2196075e+037
  1.1575883e+037
  9.8840560e+036
  7.4027031e+036
  5.0479734e+036
  3.2288422e+036
  2.0472010e+036
  1.2983114e+036
  7.8460472e+035
  4.6564249e+035
  1.7534392e+035
  1.6215077e+029
  1.2979181e+029
  2.5897360e+029
  5.1671417e+029
  1.8802028e+030
  3.7514921e+030
  7.4850973e+030
  1.4934717e+031
  2.9799412e+031
  5.9456717e+031
  9.6816991e+031
  1.1100859e+032
  7.7752040e+031
  1.6926614e+030
 -1.8656605e+032
 -5.4468549e+032
 -9.2129707e+032
 -1.8899694e+033
 -3.4612271e+033
 -6.4777961e+033
 -1.1588291e+034
 -2.0050224e+034
 -3.5621646e+034
 -6.3126655e+034
 -1.0498541e+035
 -1.7292042e+035
 -2.7408010e+035
 -4.6279578e+035
 -7.4639429e+035
 -1.2141324e+036
 -3.6124107e+035
  1.2196079e+037
  1.1575883e+037
  9.8840560e+036
  7.4027031e+036
  5.0479734e+036
  3.2288422e+036
  2.0472010e+036
  1.2983114e+036
  7.8460472e+035
  4.6564249e+035
  1.7534392e+035
  1.6215077e+029
  1.2946070e+029
  2.5831293e+029
  5.1539599e+029
  1.8768114e+030
  3.7447254e+030
  7.4715959e+030
  1.4907778e+031
  2.9745662e+031
  5.9349471e+031
  9.6899785e+031
  1.1204198e+032
  8.1462070e+031
  1.0329174e+031
 -1.6953413e+032
 -5.1699577e+032
 -8.7544777e+032
 -1.7979124e+033
 -3.3061449e+033
 -6.2325184e+033
 -1.1240402e+034
 -1.9596700e+034
 -3.5058448e+034
 -6.2461360e+034
 -1.0423449e+035
 -1.7209171e+035
 -2.7318977e+035
 -4.6184922e+035
 -7.4541579e+035
 -1.2131719e+036
 -3.6051263e+035
  1.2196083e+037
  1.1575883e+037
  9.8840560e+036
  7.4027031e+036
  5.0479734e+036
  3.2288422e+036
  2.0472010e+036
  1.2983114e+036
  7.8460472e+035
  4.6564249e+035
  1.7534392e+035
  1.6215077e+029
  1.2912989e+029
  2.5765286e+029
  5.1407899e+029
  1.8734231e+030
  3.7379647e+030
  7.4581068e+030
  1.4880864e+031
  2.9691961e+031
  5.9242323e+031
  9.6982610e+031
  1.1307843e+032
  8.5200530e+031
  1.9080546e+031
 -1.5216905e+032
 -4.8863253e+032
 -8.2818105e+032
 -1.7019973e+033
 -3.1431192e+033
 -5.9725525e+033
 -1.0869394e+034
 -1.9110987e+034
 -3.4453789e+034
 -6.1746889e+034
 -1.0342947e+035
 -1.7120679e+035
 -2.7224459e+035
 -4.6085312e+035
 -7.4439566e+035
 -1.2121809e+036
 -3.5976931e+035
  1.2196086e+037
  1.1575883e+037
  9.8840560e+036
  7.4027031e+036
  5.0479734e+036
  3.2288422e+036
  2.0472010e+036
  1.2983114e+036
  7.8460472e+035
  4.6564249e+035
  1.7534392e+035
  1.6215077e+029
  1.2879937e+029
  2.5699339e+029
  5.1276318e+029
  1.8700378e+030
  3.7312102e+030
  7.4446297e+030
  1.4853974e+031
  2.9638308e+031
  5.9135271e+031
  9.7065467e+031
  1.1411795e+032
  8.8967638e+031
  2.7948304e+031
 -1.3446430e+032
 -4.5957939e+032
 -7.7945308e+032
 -1.6020625e+033
 -2.9717431e+033
 -5.6970190e+033
 -1.0473729e+034
 -1.8590800e+034
 -3.3804617e+034
 -6.0979609e+034
 -1.0256646e+035
 -1.7026186e+035
 -2.7124117e+035
 -4.5980491e+035
 -7.4333214e+035
 -1.2111586e+036
 -3.5901081e+035
  1.2196090e+037
  1.1575883e+037
  9.8840560e+036
  7.4027031e+036
  5.0479734e+036
  3.2288422e+036
  2.0472010e+036
  1.2983114e+036
  7.8460472e+035
  4.6564249e+035
  1.7534392e+035
  1.6215077e+029
  1.2846915e+029
  2.5633450e+029
  5.1144855e+029
  1.8666555e+030
  3.7244617e+030
  7.4311648e+030
  1.4827108e+031
  2.9584703e+031
  5.9028315e+031
  9.7148356e+031
  1.1516054e+032
  9.2763613e+031
  3.6933997e+031
 -1.1641324e+032
 -4.2981955e+032
 -7.2921869e+032
 -1.4979394e+033
 -2.7915891e+033
 -5.4049855e+033
 -1.0051770e+034
 -1.8033693e+034
 -3.3107655e+034
 -6.0155616e+034
 -1.0164128e+035
 -1.6925285e+035
 -2.7017594e+035
 -4.5870186e+035
 -7.4222338e+035
 -1.2101038e+036
 -3.5823680e+035
  1.2196094e+037
  1.1575883e+037
  9.8840560e+036
  7.4027031e+036
  5.0479734e+036
  3.2288422e+036
  2.0472010e+036
  1.2983114e+036
  7.8460472e+035
  4.6564249e+035
  1.7534392e+035
  1.6215077e+029
  1.2813924e+029
  2.5567622e+029
  5.1013511e+029
  1.8632763e+030
  3.7177193e+030
  7.4177121e+030
  1.4800266e+031
  2.9531147e+031
  5.8921455e+031
  9.7231276e+031
  1.1620623e+032
  9.6588676e+031
  4.6039192e+031
 -9.8009088e+031
 -3.9933585e+032
 -6.7743132e+032
 -1.3894525e+033
 -2.6022074e+033
 -5.0954640e+033
 -9.6017691e+033
 -1.7437045e+034
 -3.2359385e+034
 -5.9270717e+034
 -1.0064946e+035
 -1.6817541e+035
 -2.6904509e+035
 -4.5754108e+035
 -7.4106745e+035
 -1.2090157e+036
 -3.5744699e+035
  1.2196098e+037
  1.1575883e+037
  9.8840560e+036
  7.4027031e+036
  5.0479734e+036
  3.2288422e+036
  2.0472010e+036
  1.2983114e+036
  7.8460472e+035
  4.6564249e+035
  1.7534392e+035
  1.6215077e+029
  1.2780961e+029
  2.5501852e+029
  5.0882285e+029
  1.8599002e+030
  3.7109830e+030
  7.4042714e+030
  1.4773448e+031
  2.9477639e+031
  5.8814692e+031
  9.7314229e+031
  1.1725502e+032
  1.0044305e+032
  5.5265480e+031
 -7.9244942e+031
 -3.6811066e+032
 -6.2404295e+032
 -1.2764191e+033
 -2.4031253e+033
 -4.7674072e+033
 -9.1218624e+033
 -1.6798050e+034
 -3.1556029e+034
 -5.8320412e+034
 -9.9586186e+034
 -1.6702489e+035
 -2.6784456e+035
 -4.5631958e+035
 -7.3986235e+035
 -1.2078932e+036
 -3.5664104e+035
  1.2196101e+037
  1.1575883e+037
  9.8840560e+036
  7.4027031e+036
  5.0479734e+036
  3.2288422e+036
  2.0472010e+036
  1.2983114e+036
  7.8460472e+035
  4.6564249e+035
  1.7534392e+035
  1.6215077e+029
  1.2748029e+029
  2.5436142e+029
  5.0751177e+029
  1.8565271e+030
  3.7042527e+030
  7.3908429e+030
  1.4746655e+031
  2.9424179e+031
  5.8708025e+031
  9.7397213e+031
  1.1830691e+032
  1.0432696e+032
  6.4614471e+031
 -6.0113758e+031
 -3.3612596e+032
 -5.6900408e+032
 -1.1586484e+033
 -2.1938462e+033
 -4.4197051e+033
 -8.6100627e+033
 -1.6113702e+034
 -3.0693534e+034
 -5.7299865e+034
 -9.8446319e+034
 -1.6579635e+035
 -2.6657008e+035
 -4.5503416e+035
 -7.3860599e+035
 -1.2067351e+036
 -3.5581862e+035
  1.2196105e+037
  1.1575883e+037
  9.8840560e+036
  7.4027031e+036
  5.0479734e+036
  3.2288422e+036
  2.0472010e+036
  1.2983114e+036
  7.8460472e+035
  4.6564249e+035
  1.7534392e+035
  1.6215077e+029
  1.2715126e+029
  2.5370491e+029
  5.0620188e+029
  1.8531570e+030
  3.6975286e+030
  7.3774265e+030
  1.4719886e+031
  2.9370767e+031
  5.8601454e+031
  9.7480229e+031
  1.1936192e+032
  1.0824063e+032
  7.4087796e+031
 -4.0608358e+031
 -3.0336326e+032
 -5.1226370e+032
 -1.0359420e+033
 -1.9738475e+033
 -4.0511814e+033
 -8.0642505e+033
 -1.5380781e+034
 -2.9767544e+034
 -5.6203886e+034
 -9.7224341e+034
 -1.6448450e+035
 -2.6521707e+035
 -4.5368148e+035
 -7.3729618e+035
 -1.2055403e+036
 -3.5497941e+035
  1.2196109e+037
  1.1575883e+037
  9.8840560e+036
  7.4027031e+036
  5.0479734e+036
  3.2288422e+036
  2.0472010e+036
  1.2983114e+036
  7.8460472e+035
  4.6564249e+035
  1.7534392e+035
  1.6215077e+029
  1.2682253e+029
  2.5304899e+029
  5.0489316e+029
  1.8497899e+030
  3.6908104e+030
  7.3640221e+030
  1.4693141e+031
  2.9317404e+031
  5.8494980e+031
  9.7563277e+031
  1.2042005e+032
  1.1218430e+032
  8.3687109e+031
 -2.0721422e+031
 -2.6980364e+032
 -4.5376919e+032
 -9.0809299e+032
 -1.7425803e+033
 -3.6605892e+033
 -7.4821654e+033
 -1.4595842e+034
 -2.8773386e+034
 -5.5026897e+034
 -9.5914336e+034
 -1.6308367e+035
 -2.6378071e+035
 -4.5225803e+035
 -7.3593066e+035
 -1.2043077e+036
 -3.5412305e+035
  1.2196113e+037
  1.1575883e+037
  9.8840560e+036
  7.4027031e+036
  5.0479734e+036
  3.2288422e+036
  2.0472010e+036
  1.2983114e+036
  7.8460472e+035
  4.6564249e+035
  1.7534392e+035
  1.6215077e+029
  1.2649409e+029
  2.5239366e+029
  5.0358563e+029
  1.8464259e+030
  3.6840984e+030
  7.3506299e+030
  1.4666420e+031
  2.9264088e+031
  5.8388601e+031
  9.7646357e+031
  1.2148132e+032
  1.1615818e+032
  9.3414086e+031
 -4.4548639e+029
 -2.3542773e+032
 -3.9346633e+032
 -7.7488590e+032
 -1.4994674e+033
 -3.2466069e+033
 -6.8613968e+033
 -1.3755191e+034
 -2.7706041e+034
 -5.3762913e+034
 -9.4509963e+034
 -1.6158785e+035
 -2.6225586e+035
 -4.5076010e+035
 -7.3450705e+035
 -1.2030360e+036
 -3.5324919e+035
  1.2196117e+037
  1.1575883e+037
  9.8840560e+036
  7.4027031e+036
  5.0479734e+036
  3.2288422e+036
  2.0472010e+036
  1.2983114e+036
  7.8460472e+035
  4.6564249e+035
  1.7534392e+035
  1.6215077e+029
  1.2616595e+029
  2.5173892e+029
  5.0227927e+029
  1.8430650e+030
  3.6773923e+030
  7.3372497e+030
  1.4639723e+031
  2.9210821e+031
  5.8282318e+031
  9.7729468e+031
  1.2254573e+032
  1.2016251e+032
  1.0327042e+032
  2.0227058e+031
 -2.0021566e+032
 -3.3129922e+032
 -6.3609615e+032
 -1.2439021e+033
 -2.8078338e+033
 -6.1993740e+033
 -1.2854875e+034
 -2.6560122e+034
 -5.2405501e+034
 -9.3004423e+034
 -1.5999058e+035
 -2.6063707e+035
 -4.4918380e+035
 -7.3302288e+035
 -1.2017241e+036
 -3.5235748e+035
  1.2196121e+037
  1.1575883e+037
  9.8840560e+036
  7.4027031e+036
  5.0479734e+036
  3.2288422e+036
  2.0472010e+036
  1.2983114e+036
  7.8460472e+035
  4.6564249e+035
  1.7534392e+035
  1.6215077e+029
  1.2583811e+029
  2.5108478e+029
  5.0097409e+029
  1.8397070e+030
  3.6706924e+030
  7.3238815e+030
  1.4613050e+031
  2.9157601e+031
  5.8176131e+031
  9.7812612e+031
  1.2361329e+032
  1.2419753e+032
  1.1325784e+032
  4.1303968e+031
 -1.6414709e+032
 -2.6721023e+032
 -4.9148976e+032
 -9.7524643e+032
 -2.3427854e+033
 -5.4933554e+033
 -1.1890658e+034
 -2.5329844e+034
 -5.0947757e+034
 -9.1390430e+034
 -1.5828499e+035
 -2.5891855e+035
 -4.4752501e+035
 -7.3147557e+035
 -1.2003707e+036
 -3.5144756e+035
  1.2196125e+037
  1.1575883e+037
  9.8840560e+036
  7.4027031e+036
  5.0479734e+036
  3.2288422e+036
  2.0472010e+036
  1.2983114e+036
  7.8460472e+035
  4.6564249e+035
  1.7534392e+035
  1.6215077e+029
  1.2551056e+029
  2.5043122e+029
  4.9967009e+029
  1.8363521e+030
  3.6639984e+030
  7.3105254e+030
  1.4586401e+031
  2.9104430e+031
  5.8070039e+031
  9.7895787e+031
  1.2468402e+032
  1.2826347e+032
  1.2337809e+032
  6.2793154e+031
 -1.2720120e+032
 -2.0113993e+032
 -3.4082298e+032
 -6.9283000e+032
 -1.8498882e+033
 -4.7404171e+033
 -1.0858006e+034
 -2.4008997e+034
 -4.9382265e+034
 -8.9660171e+034
 -1.5646372e+035
 -2.5709416e+035
 -4.4577944e+035
 -7.2986245e+035
 -1.1989744e+036
 -3.5051904e+035
  1.2196129e+037
  1.1575883e+037
  9.8840560e+036
  7.4027031e+036
  5.0479734e+036
  3.2288422e+036
  2.0472010e+036
  1.2983114e+036
  7.8460472e+035
  4.6564249e+035
  1.7534392e+035
  1.6215077e+029
