 1.000000          0.7329800
      42        54
  1.0000000e-008
  1.9953000e-008
  3.9811000e-008
  7.9433000e-008
  1.5849000e-007
  3.1623000e-007
  6.3096000e-007
  1.2589000e-006
  2.5119000e-006
  5.0119000e-006
  1.0000000e-005
  1.7000000e-005
  2.7000000e-005
  4.4000000e-005
  7.0000000e-005
  1.0000000e-004
  1.7000000e-004
  2.7000000e-004
  4.4000000e-004
  7.0000000e-004
  1.1000000e-003
  1.8000000e-003
  3.0000000e-003
  4.8000000e-003
  7.7000000e-003
  1.2000000e-002
  2.0000000e-002
  3.2000000e-002
  5.2000000e-002
  8.4000000e-002
  1.4000000e-001
  2.2000000e-001
  3.5000000e-001
  5.7000000e-001
  9.2000000e-001
  1.5000000e+000
  2.4000000e+000
  3.8000000e+000
  6.2000000e+000
  1.0000000e+001
  2.0000000e+001
  4.0000000e+001
  1.0000000e-010
  1.0000000e-009
  1.0000000e-008
  1.0000000e-007
  1.0000000e-006
  1.0000000e-005
  1.0000000e-004
  3.0000000e-004
  1.0000000e-003
  3.0000000e-003
  1.0000000e-002
  1.5000000e-002
  2.0000000e-002
  2.5000000e-002
  3.0000000e-002
  3.5000000e-002
  4.0000000e-002
  4.5000000e-002
  5.0000000e-002
  5.5000000e-002
  6.0000000e-002
  6.5000000e-002
  7.0000000e-002
  7.5000000e-002
  8.0000000e-002
  8.5000000e-002
  9.0000000e-002
  9.5000000e-002
  1.0000000e-001
  3.0000000e-001
  3.1538133e-001
  3.3155128e-001
  3.4855027e-001
  3.6642083e-001
  3.8520763e-001
  4.0495764e-001
  4.2572026e-001
  4.4754741e-001
  4.7049366e-001
  4.9461638e-001
  5.1997591e-001
  5.4663564e-001
  5.7466225e-001
  6.0412581e-001
  6.3510000e-001
  6.6766228e-001
  7.0189406e-001
  7.3788093e-001
  7.7571290e-001
  8.1548455e-001
  8.5729534e-001
  9.0124981e-001
  9.4745787e-001
  9.9603508e-001
  3.1944374e-009
  6.3738609e-009
  1.2717375e-008
  3.7950978e-008
  7.5723070e-008
  1.5108861e-007
  3.0145961e-007
  6.0145740e-007
  1.2001494e-006
  2.4053885e-006
  4.9463707e-006
  7.2905070e-006
  1.0175853e-005
  1.6434334e-005
  2.0862331e-005
  2.9250548e-005
  4.8071611e-005
  7.3667550e-005
  1.1465573e-004
  1.7278409e-004
  2.5423804e-004
  3.8010806e-004
  5.6149218e-004
  7.7744217e-004
  1.0263526e-003
  1.2526906e-003
  1.4559521e-003
  1.5690327e-003
  1.6183523e-003
  1.6130813e-003
  1.5559057e-003
  1.4501857e-003
  1.2515116e-003
  9.6089261e-004
  6.8360009e-004
  4.6661600e-004
  3.2172587e-004
  2.2350374e-004
  1.4933041e-004
  9.7795113e-005
  5.0628297e-005
  2.5570799e-005
  3.1944374e-009
  6.3738609e-009
  1.2717375e-008
  3.7950978e-008
  7.5723070e-008
  1.5108861e-007
  3.0145961e-007
  6.0145740e-007
  1.2001494e-006
  2.4053885e-006
  4.9463707e-006
  7.2905070e-006
  1.0175853e-005
  1.6434334e-005
  2.0862331e-005
  2.9250548e-005
  4.8071611e-005
  7.3667550e-005
  1.1465573e-004
  1.7278409e-004
  2.5423804e-004
  3.8010806e-004
  5.6149218e-004
  7.7744217e-004
  1.0263526e-003
  1.2526906e-003
  1.4559521e-003
  1.5690327e-003
  1.6183523e-003
  1.6130813e-003
  1.5559057e-003
  1.4501857e-003
  1.2515116e-003
  9.6089261e-004
  6.8360009e-004
  4.6661600e-004
  3.2172587e-004
  2.2350374e-004
  1.4933041e-004
  9.7795113e-005
  5.0628297e-005
  2.5570799e-005
  3.1944374e-009
  6.3738609e-009
  1.2717375e-008
  3.7950978e-008
  7.5723070e-008
  1.5108861e-007
  3.0145961e-007
  6.0145740e-007
  1.2001494e-006
  2.4053885e-006
  4.9463707e-006
  7.2905070e-006
  1.0175853e-005
  1.6434334e-005
  2.0862331e-005
  2.9250548e-005
  4.8071611e-005
  7.3667550e-005
  1.1465573e-004
  1.7278409e-004
  2.5423804e-004
  3.8010806e-004
  5.6149218e-004
  7.7744217e-004
  1.0263526e-003
  1.2526906e-003
  1.4559521e-003
  1.5690327e-003
  1.6183523e-003
  1.6130813e-003
  1.5559057e-003
  1.4501857e-003
  1.2515116e-003
  9.6089261e-004
  6.8360009e-004
  4.6661600e-004
  3.2172587e-004
  2.2350374e-004
  1.4933041e-004
  9.7795113e-005
  5.0628297e-005
  2.5570799e-005
  3.1944374e-009
  6.3738609e-009
  1.2717375e-008
  3.7950978e-008
  7.5723070e-008
  1.5108861e-007
  3.0145961e-007
  6.0145740e-007
  1.2001494e-006
  2.4053885e-006
  4.9463707e-006
  7.2905070e-006
  1.0175853e-005
  1.6434334e-005
  2.0862331e-005
  2.9250548e-005
  4.8071611e-005
  7.3667550e-005
  1.1465573e-004
  1.7278409e-004
  2.5423804e-004
  3.8010806e-004
  5.6149218e-004
  7.7744217e-004
  1.0263526e-003
  1.2526906e-003
  1.4559521e-003
  1.5690327e-003
  1.6183523e-003
  1.6130813e-003
  1.5559057e-003
  1.4501857e-003
  1.2515116e-003
  9.6089261e-004
  6.8360009e-004
  4.6661600e-004
  3.2172587e-004
  2.2350374e-004
  1.4933041e-004
  9.7795113e-005
  5.0628297e-005
  2.5570799e-005
  3.1941085e-009
  6.3732047e-009
  1.2716065e-008
  3.7946447e-008
  7.5714028e-008
  1.5107056e-007
  3.0142361e-007
  6.0138558e-007
  1.2000061e-006
  2.4051031e-006
  4.9458037e-006
  7.2898726e-006
  1.0175294e-005
  1.6433941e-005
  2.0862331e-005
  2.9250548e-005
  4.8071611e-005
  7.3667550e-005
  1.1465573e-004
  1.7278409e-004
  2.5423804e-004
  3.8010806e-004
  5.6149218e-004
  7.7744217e-004
  1.0263526e-003
  1.2526906e-003
  1.4559521e-003
  1.5690327e-003
  1.6183523e-003
  1.6130813e-003
  1.5559057e-003
  1.4501857e-003
  1.2515116e-003
  9.6089261e-004
  6.8360009e-004
  4.6661600e-004
  3.2172587e-004
  2.2350374e-004
  1.4933041e-004
  9.7795113e-005
  5.0628297e-005
  2.5570799e-005
  3.1916975e-009
  6.3683940e-009
  1.2706467e-008
  3.7913227e-008
  7.5647745e-008
  1.5093831e-007
  3.0115974e-007
  6.0085911e-007
  1.1989556e-006
  2.4029992e-006
  4.9414889e-006
  7.2842502e-006
  1.0168583e-005
  1.6424855e-005
  2.0855647e-005
  2.9243287e-005
  4.8065735e-005
  7.3663921e-005
  1.1465386e-004
  1.7278409e-004
  2.5423804e-004
  3.8010806e-004
  5.6149218e-004
  7.7744217e-004
  1.0263526e-003
  1.2526906e-003
  1.4559521e-003
  1.5690327e-003
  1.6183523e-003
  1.6130813e-003
  1.5559057e-003
  1.4501857e-003
  1.2515116e-003
  9.6089261e-004
  6.8360009e-004
  4.6661600e-004
  3.2172587e-004
  2.2350374e-004
  1.4933041e-004
  9.7795113e-005
  5.0628297e-005
  2.5570799e-005
  3.1833775e-009
  6.3517930e-009
  1.2673344e-008
  3.7798655e-008
  7.5419140e-008
  1.5048218e-007
  3.0024964e-007
  5.9904336e-007
  1.1953323e-006
  2.3957215e-006
  4.9262847e-006
  7.2627778e-006
  1.0138940e-005
  1.6375015e-005
  2.0794013e-005
  2.9165555e-005
  4.7957115e-005
  7.3535538e-005
  1.1452810e-004
  1.7268263e-004
  2.5416101e-004
  3.8005171e-004
  5.6146256e-004
  7.7740645e-004
  1.0262669e-003
  1.2526809e-003
  1.4559521e-003
  1.5690327e-003
  1.6183523e-003
  1.6130813e-003
  1.5559057e-003
  1.4501857e-003
  1.2515116e-003
  9.6089261e-004
  6.8360009e-004
  4.6661600e-004
  3.2172587e-004
  2.2350374e-004
  1.4933041e-004
  9.7795113e-005
  5.0628297e-005
  2.5570799e-005
  3.1798785e-009
  6.3448115e-009
  1.2659414e-008
  3.7750500e-008
  7.5323057e-008
  1.5029047e-007
  2.9986713e-007
  5.9828019e-007
  1.1938095e-006
  2.3926255e-006
  4.9193526e-006
  7.2503691e-006
  1.0116551e-005
  1.6327692e-005
  2.0719175e-005
  2.9054874e-005
  4.7775428e-005
  7.3277711e-005
  1.1417565e-004
  1.7225867e-004
  2.5375410e-004
  3.7969681e-004
  5.6119597e-004
  7.7722784e-004
  1.0261812e-003
  1.2525745e-003
  1.4558532e-003
  1.5690327e-003
  1.6182927e-003
  1.6130813e-003
  1.5558445e-003
  1.4501360e-003
  1.2515116e-003
  9.6089261e-004
  6.8361716e-004
  4.6663865e-004
  3.2173747e-004
  2.2351827e-004
  1.4933815e-004
  9.7798131e-005
  5.0632321e-005
  2.5572409e-005
  3.1649264e-009
  6.3149777e-009
  1.2599889e-008
  3.7544912e-008
  7.4912848e-008
  1.4947198e-007
  2.9823405e-007
  5.9502200e-007
  1.1873080e-006
  2.3795765e-006
  4.8921739e-006
  7.2122231e-006
  1.0062846e-005
  1.6231280e-005
  2.0579681e-005
  2.8836331e-005
  4.7375400e-005
  7.2623907e-005
  1.1315548e-004
  1.7084799e-004
  2.5203118e-004
  3.7771396e-004
  5.5922790e-004
  7.7551398e-004
  1.0248103e-003
  1.2515396e-003
  1.4550621e-003
  1.5683210e-003
  1.6176673e-003
  1.6124805e-003
  1.5553351e-003
  1.4496395e-003
  1.2512625e-003
  9.6095831e-004
  6.8383049e-004
  4.6684255e-004
  3.2188238e-004
  2.2360544e-004
  1.4939616e-004
  9.7837365e-005
  5.0652440e-005
  2.5583675e-005
  3.2159709e-009
  6.4168268e-009
  1.2803102e-008
  3.8248035e-008
  7.6315785e-008
  1.5227124e-007
  3.0381926e-007
  6.0616519e-007
  1.2095435e-006
  2.4240397e-006
  4.9822778e-006
  7.3230567e-006
  1.0176219e-005
  1.6344340e-005
  2.0587841e-005
  2.8766442e-005
  4.7093363e-005
  7.1973454e-005
  1.1177536e-004
  1.6826794e-004
  2.4775539e-004
  3.7142988e-004
  5.5128277e-004
  7.6689564e-004
  1.0165118e-003
  1.2441183e-003
  1.4486374e-003
  1.5625102e-003
  1.6122773e-003
  1.6074491e-003
  1.5508120e-003
  1.4453201e-003
  1.2485225e-003
  9.6141819e-004
  6.8568224e-004
  4.6860965e-004
  3.2316924e-004
  2.2449169e-004
  1.4997624e-004
  9.8231714e-005
  5.0885825e-005
  2.5710829e-005
  4.2858190e-009
  8.5514947e-009
  1.7062274e-008
  5.3859580e-008
  1.0746547e-007
  2.1442373e-007
  4.2782883e-007
  8.5357837e-007
  1.7032454e-006
  3.4140257e-006
  7.0267867e-006
  9.9448714e-006
  1.3275898e-005
  2.0703903e-005
  2.4618723e-005
  3.3684609e-005
  5.3572683e-005
  7.9750887e-005
  1.2043436e-004
  1.7681771e-004
  2.5475549e-004
  3.7420763e-004
  5.4593762e-004
  7.5036908e-004
  9.8616093e-004
  1.2013589e-003
  1.3957708e-003
  1.5051534e-003
  1.5542498e-003
  1.5518613e-003
  1.4997016e-003
  1.3974260e-003
  1.2203912e-003
  9.6729813e-004
  7.0794670e-004
  4.9054042e-004
  3.4016527e-004
  2.3692828e-004
  1.5856917e-004
  1.0394777e-004
  5.3843380e-005
  2.7198048e-005
  4.8887596e-009
  9.7545421e-009
  1.9462641e-008
  6.3462929e-008
  1.2662707e-007
  2.5265663e-007
  5.0411283e-007
  1.0057723e-006
  2.0069452e-006
  4.0250625e-006
  8.3167506e-006
  1.1633964e-005
  1.5434693e-005
  2.4177400e-005
  2.8505677e-005
  3.8979988e-005
  6.1706704e-005
  9.1068977e-005
  1.3551741e-004
  1.9518172e-004
  2.7512495e-004
  3.9414119e-004
  5.6064816e-004
  7.5398468e-004
  9.7139165e-004
  1.1648817e-003
  1.3372911e-003
  1.4345908e-003
  1.4792255e-003
  1.4785827e-003
  1.4307387e-003
  1.3357797e-003
  1.1870258e-003
  9.7754740e-004
  7.4152136e-004
  5.2529631e-004
  3.6798458e-004
  2.5696367e-004
  1.7155920e-004
  1.1210639e-004
  5.7927624e-005
  2.9240560e-005
  5.7226584e-009
  1.1418420e-008
  2.2782476e-008
  7.7838659e-008
  1.5531109e-007
  3.0988959e-007
  6.1830652e-007
  1.2335978e-006
  2.4615717e-006
  4.9409208e-006
  1.0265625e-005
  1.4090883e-005
  1.8454080e-005
  2.8928922e-005
  3.3474864e-005
  4.5808090e-005
  7.2527572e-005
  1.0691298e-004
  1.5803571e-004
  2.2399375e-004
  3.0749212e-004
  4.2416672e-004
  5.7928539e-004
  7.5444372e-004
  9.4765714e-004
  1.1156200e-003
  1.2612369e-003
  1.3419932e-003
  1.3795646e-003
  1.3799989e-003
  1.3369620e-003
  1.2576422e-003
  1.1492024e-003
  9.9555066e-004
  7.9317919e-004
  5.7985928e-004
  4.1075596e-004
  2.8631265e-004
  1.8995961e-004
  1.2354459e-004
  6.3649593e-005
  3.2099111e-005
  6.2827144e-009
  1.2535900e-008
  2.5012114e-008
  8.8290513e-008
  1.7616583e-007
  3.5150090e-007
  7.0133114e-007
  1.3992371e-006
  2.7921094e-006
  5.6071360e-006
  1.1688713e-005
  1.5785466e-005
  2.0396206e-005
  3.1720205e-005
  3.5674275e-005
  4.8029439e-005
  7.3871921e-005
  1.0604099e-004
  1.5288729e-004
  2.1310041e-004
  2.9017890e-004
  3.9953600e-004
  5.4533047e-004
  7.0797244e-004
  8.8416264e-004
  1.0338444e-003
  1.1593171e-003
  1.2266321e-003
  1.2580683e-003
  1.2589657e-003
  1.2236373e-003
  1.1714740e-003
  1.1132820e-003
  1.0233802e-003
  8.6363795e-004
  6.5378250e-004
  4.6697438e-004
  3.2406052e-004
  2.1350371e-004
  1.3821210e-004
  7.0993197e-005
  3.5773702e-005
  6.5963397e-009
  1.3161677e-008
  2.6260688e-008
  9.4451969e-008
  1.8845989e-007
  3.7603118e-007
  7.5027496e-007
  1.4968826e-006
  2.9869651e-006
  5.9974440e-006
  1.2488585e-005
  1.6528994e-005
  2.0850327e-005
  3.1582859e-005
  3.4181132e-005
  4.5098766e-005
  6.7488124e-005
  9.5052357e-005
  1.3522316e-004
  1.8718724e-004
  2.5399601e-004
  3.4909102e-004
  4.7737207e-004
  6.2251910e-004
  7.8090418e-004
  9.1576340e-004
  1.0282333e-003
  1.0879561e-003
  1.1167731e-003
  1.1186464e-003
  1.0997231e-003
  1.0861961e-003
  1.0837029e-003
  1.0591012e-003
  9.4578754e-004
  7.4025155e-004
  5.3322174e-004
  3.6916181e-004
  2.4197511e-004
  1.5605867e-004
  7.9962464e-005
  4.0264333e-005
  6.5006538e-009
  1.2970755e-008
  2.5879753e-008
  9.2547555e-008
  1.8465998e-007
  3.6844923e-007
  7.3514715e-007
  1.4667018e-006
  2.9267381e-006
  5.8727558e-006
  1.2177182e-005
  1.5963795e-005
  1.9816320e-005
  2.9349906e-005
  3.1148022e-005
  4.0669022e-005
  6.0030887e-005
  8.3785197e-005
  1.1834798e-004
  1.6307126e-004
  2.2067430e-004
  3.0235912e-004
  4.1093475e-004
  5.3228256e-004
  6.6466843e-004
  7.7869492e-004
  8.7652387e-004
  9.3122158e-004
  9.5913844e-004
  9.6652222e-004
  9.7683593e-004
  1.0085670e-003
  1.0595650e-003
  1.0912460e-003
  1.0218936e-003
  8.2795972e-004
  6.0556317e-004
  4.2054204e-004
  2.7513035e-004
  1.7702398e-004
  9.0549353e-005
  4.5569397e-005
  5.8967898e-009
  1.1765865e-008
  2.3475710e-008
  8.1015722e-008
  1.6165033e-007
  3.2253821e-007
  6.4354359e-007
  1.2839475e-006
  2.5620454e-006
  5.1345020e-006
  1.0561543e-005
  1.3885329e-005
  1.7151925e-005
  2.5051542e-005
  2.6786100e-005
  3.4914033e-005
  5.1323153e-005
  7.1270059e-005
  1.0028034e-004
  1.3796588e-004
  1.8660533e-004
  2.5542997e-004
  3.4586080e-004
  4.4437093e-004
  5.4897910e-004
  6.3844217e-004
  7.1760028e-004
  7.6511014e-004
  7.9277526e-004
  8.1600503e-004
  8.6514943e-004
  9.3866173e-004
  1.0284827e-003
  1.0973271e-003
  1.0713598e-003
  9.0654506e-004
  6.8042796e-004
  4.7719928e-004
  3.1272215e-004
  2.0104773e-004
  1.0273778e-004
  5.1687283e-005
  4.9404110e-009
  9.8576021e-009
  1.9668270e-008
  6.4315148e-008
  1.2832751e-007
  2.5604950e-007
  5.1088242e-007
  1.0192782e-006
  2.0338962e-006
  4.0726948e-006
  8.3329651e-006
  1.1229145e-005
  1.4134150e-005
  2.0738290e-005
  2.2647091e-005
  2.9485578e-005
  4.3129810e-005
  5.9596989e-005
  8.3489995e-005
  1.1445306e-004
  1.5419878e-004
  2.0985170e-004
  2.8182910e-004
  3.5840872e-004
  4.3712273e-004
  5.0288766e-004
  5.6191075e-004
  5.9988846e-004
  6.3339116e-004
  6.8191207e-004
  7.6534714e-004
  8.6148225e-004
  9.6549782e-004
  1.0598571e-003
  1.0857142e-003
  9.7044721e-004
  7.5506773e-004
  5.3813151e-004
  3.5448000e-004
  2.2806963e-004
  1.1652774e-004
  5.8619604e-005
  4.0873192e-009
  8.1554280e-009
  1.6272026e-008
  5.0830750e-008
  1.0142205e-007
  2.0236537e-007
  4.0376942e-007
  8.0557732e-007
  1.6074609e-006
  3.2181357e-006
  6.5723677e-006
  9.1095903e-006
  1.1722784e-005
  1.7304697e-005
  1.9101880e-005
  2.4759284e-005
  3.5967336e-005
  4.9409118e-005
  6.8766604e-005
  9.3584716e-005
  1.2495277e-004
  1.6791370e-004
  2.2179696e-004
  2.7707153e-004
  3.3205767e-004
  3.7687700e-004
  4.1739654e-004
  4.5163633e-004
  4.9891711e-004
  5.6625538e-004
  6.5715674e-004
  7.4945375e-004
  8.5978679e-004
  9.8740299e-004
  1.0722142e-003
  1.0190029e-003
  8.2739430e-004
  6.0238017e-004
  4.0011022e-004
  2.5800926e-004
  1.3190719e-004
  6.6361531e-005
  3.4988520e-009
  6.9812594e-009
  1.3929280e-008
  4.2210782e-008
  8.4222636e-008
  1.6804765e-007
  3.3529710e-007
  6.6896732e-007
  1.3348616e-006
  2.6715834e-006
  5.4439778e-006
  7.6553829e-006
  9.9455332e-006
  1.4657154e-005
  1.6220444e-005
  2.0918561e-005
  3.0153160e-005
  4.1101972e-005
  5.6609837e-005
  7.6020187e-005
  9.9844432e-005
  1.3125135e-004
  1.6861703e-004
  2.0468437e-004
  2.3873996e-004
  2.6687813e-004
  2.9917842e-004
  3.3646562e-004
  3.8527204e-004
  4.4179358e-004
  5.1754623e-004
  6.1107943e-004
  7.4099996e-004
  9.0505871e-004
  1.0435928e-003
  1.0542489e-003
  8.9624687e-004
  6.6904466e-004
  4.4930752e-004
  2.9077615e-004
  1.4886406e-004
  7.4913067e-005
  3.0674941e-009
  6.1205709e-009
  1.2212001e-008
  3.6212723e-008
  7.2254739e-008
  1.4416831e-007
  2.8765190e-007
  5.7390927e-007
  1.1451789e-006
  2.2911707e-006
  4.6579406e-006
  6.5976530e-006
  8.5963075e-006
  1.2601013e-005
  1.3913996e-005
  1.7868315e-005
  2.5604166e-005
  3.4652757e-005
  4.7163041e-005
  6.2261182e-005
  7.9922648e-005
  1.0174667e-004
  1.2553183e-004
  1.4688570e-004
  1.6767040e-004
  1.8721259e-004
  2.1006105e-004
  2.3319906e-004
  2.6526149e-004
  3.1348941e-004
  3.9343579e-004
  4.9746779e-004
  6.4261455e-004
  8.3095613e-004
  1.0101049e-003
  1.0791312e-003
  9.6075437e-004
  7.3731144e-004
  5.0179365e-004
  3.2628991e-004
  1.6738226e-004
  8.4272602e-005
  2.8017481e-009
  5.5903281e-009
  1.1154039e-008
  3.2643977e-008
  6.5134045e-008
  1.2996051e-007
  2.5930382e-007
  5.1735118e-007
  1.0323210e-006
  2.0648944e-006
  4.1913037e-006
  5.9577909e-006
  7.7660850e-006
  1.1330728e-005
  1.2475086e-005
  1.5974587e-005
  2.2799954e-005
  3.0706369e-005
  4.1379585e-005
  5.3755672e-005
  6.7444561e-005
  8.3077600e-005
  9.8437372e-005
  1.1080738e-004
  1.2187655e-004
  1.3233853e-004
  1.4708587e-004
  1.6659471e-004
  1.9747496e-004
  2.4491453e-004
  3.2324334e-004
  4.2592214e-004
  5.7249219e-004
  7.7092681e-004
  9.7730394e-004
  1.0964158e-003
  1.0205676e-003
  8.0643945e-004
  5.5722075e-004
  3.6443996e-004
  1.8745377e-004
  9.4438529e-005
  2.7342889e-009
  5.4557267e-009
  1.0885478e-008
  3.1752827e-008
  6.3355940e-008
  1.2641269e-007
  2.5222504e-007
  5.0322808e-007
  1.0041394e-006
  2.0083618e-006
  4.0744603e-006
  5.7946007e-006
  7.5531274e-006
  1.1015616e-005
  1.2161655e-005
  1.5609140e-005
  2.2354313e-005
  3.0159060e-005
  4.0614119e-005
  5.2565069e-005
  6.5525056e-005
  7.9948263e-005
  9.3700980e-005
  1.0445819e-004
  1.1390211e-004
  1.2276987e-004
  1.3519448e-004
  1.5159271e-004
  1.7776400e-004
  2.1882148e-004
  2.8875168e-004
  3.8370236e-004
  5.2446743e-004
  7.2417015e-004
  9.4775189e-004
  1.1082567e-003
  1.0756276e-003
  8.7574565e-004
  6.1524094e-004
  4.0514589e-004
  2.0906249e-004
  1.0541085e-004
  2.7133046e-009
  5.4138566e-009
  1.0801937e-008
  3.1476818e-008
  6.2805221e-008
  1.2531385e-007
  2.5003258e-007
  4.9885383e-007
  9.9541088e-007
  1.9908247e-006
  4.0380973e-006
  5.7438217e-006
  7.4936620e-006
  1.0953309e-005
  1.2176114e-005
  1.5697136e-005
  2.2606402e-005
  3.0581048e-005
  4.1202435e-005
  5.3261118e-005
  6.6240002e-005
  8.0517284e-005
  9.3862633e-005
  1.0405553e-004
  1.1279333e-004
  1.2088225e-004
  1.3211615e-004
  1.4679856e-004
  1.7009072e-004
  2.0670634e-004
  2.6984954e-004
  3.5743486e-004
  4.9101398e-004
  6.8798669e-004
  9.2196020e-004
  1.1163323e-003
  1.1259914e-003
  9.4466312e-004
  6.7562233e-004
  4.4829714e-004
  2.3219235e-004
  1.1718474e-004
  2.6813617e-009
  5.3501209e-009
  1.0674769e-008
  3.1057755e-008
  6.1969069e-008
  1.2364550e-007
  2.4670379e-007
  4.9221245e-007
  9.8215850e-007
  1.9643023e-006
  3.9843637e-006
  5.6753105e-006
  7.4253946e-006
  1.0901463e-005
  1.2233239e-005
  1.5840625e-005
  2.2927755e-005
  3.1072149e-005
  4.1829626e-005
  5.3949221e-005
  6.6925087e-005
  8.1094232e-005
  9.4129465e-005
  1.0386288e-004
  1.1202121e-004
  1.1948334e-004
  1.2988421e-004
  1.4353056e-004
  1.6515556e-004
  1.9909234e-004
  2.5769509e-004
  3.3965283e-004
  4.6679927e-004
  6.5968109e-004
  8.9984256e-004
  1.1217539e-003
  1.1719482e-003
  1.0127121e-003
  7.3793962e-004
  4.9377305e-004
  2.5682727e-004
  1.2975859e-004
  2.6472858e-009
  5.2821294e-009
  1.0539110e-008
  3.0612148e-008
  6.1079953e-008
  1.2187146e-007
  2.4316415e-007
  4.8515038e-007
  9.6806668e-007
  1.9361588e-006
  3.9279978e-006
  5.6066792e-006
  7.3623017e-006
  1.0862709e-005
  1.2302642e-005
  1.5990784e-005
  2.3237772e-005
  3.1539748e-005
  4.2422214e-005
  5.4578326e-005
  6.7530117e-005
  8.1614113e-005
  9.4427622e-005
  1.0380608e-004
  1.1149828e-004
  1.1845180e-004
  1.2816562e-004
  1.4100454e-004
  1.6142696e-004
  1.9350289e-004
  2.4891332e-004
  3.2670180e-004
  4.4857656e-004
  6.3721671e-004
  8.8088584e-004
  1.1253608e-003
  1.2137293e-003
  1.0794998e-003
  8.0199956e-004
  5.4147312e-004
  2.8295117e-004
  1.4313079e-004
  2.6207475e-009
  5.2291776e-009
  1.0433458e-008
  3.0266133e-008
  6.0389552e-008
  1.2049391e-007
  2.4041560e-007
  4.7966667e-007
  9.5712433e-007
  1.9143467e-006
  3.8847816e-006
  5.5564997e-006
  7.3209449e-006
  1.0848369e-005
  1.2376536e-005
  1.6129875e-005
  2.3503291e-005
  3.1929216e-005
  4.2918484e-005
  5.5105839e-005
  6.8028591e-005
  8.2048907e-005
  9.4697575e-005
  1.0380361e-004
  1.1113105e-004
  1.1766658e-004
  1.2681648e-004
  1.3900085e-004
  1.5847319e-004
  1.8912217e-004
  2.4215466e-004
  3.1675530e-004
  4.3436407e-004
  6.1908316e-004
  8.6474793e-004
  1.1276747e-003
  1.2516824e-003
  1.1446917e-003
  8.6741546e-004
  5.9128676e-004
  3.1054797e-004
  1.5729813e-004
  2.6050131e-009
  5.1977826e-009
  1.0370818e-008
  3.0061403e-008
  5.9981057e-008
  1.1967885e-007
  2.3878935e-007
  4.7642207e-007
  9.5064999e-007
  1.9014643e-006
  3.8595714e-006
  5.5290857e-006
  7.3037074e-006
  1.0859482e-005
  1.2459296e-005
  1.6271764e-005
  2.3737791e-005
  3.2237138e-005
  4.3290684e-005
  5.5503096e-005
  6.8404851e-005
  8.2376125e-005
  9.4911998e-005
  1.0380979e-004
  1.1083854e-004
  1.1704329e-004
  1.2572999e-004
  1.3737312e-004
  1.5607431e-004
  1.8557807e-004
  2.3672465e-004
  3.0882448e-004
  4.2298542e-004
  6.0419722e-004
  8.5083073e-004
  1.1290811e-003
  1.2860971e-003
  1.2080258e-003
  9.3395534e-004
  6.4308327e-004
  3.3958952e-004
  1.7225416e-004
  2.5970689e-009
  5.1819316e-009
  1.0339191e-008
  2.9958157e-008
  5.9775050e-008
  1.1926781e-007
  2.3796922e-007
  4.7478580e-007
  9.4738494e-007
  1.8950174e-006
  3.8476260e-006
  5.5201470e-006
  7.3100246e-006
  1.0902878e-005
  1.2564853e-005
  1.6431285e-005
  2.3961808e-005
  3.2488299e-005
  4.3549533e-005
  5.5762099e-005
  6.8655643e-005
  8.2599323e-005
  9.5060929e-005
  1.0380608e-004
  1.1060208e-004
  1.1652891e-004
  1.2482813e-004
  1.3602730e-004
  1.5408190e-004
  1.8264166e-004
  2.3224635e-004
  3.0234160e-004
  4.1367306e-004
  5.9180408e-004
  8.3883511e-004
  1.1298751e-003
  1.3173791e-003
  1.2693420e-003
  1.0013485e-003
  6.9675206e-004
  3.7006376e-004
  1.8801178e-004
  2.0680276e-009
  4.1263355e-009
  8.2330248e-009
  2.3257403e-008
  4.6405104e-008
  9.2591022e-008
  1.8474237e-007
  3.6859077e-007
  7.3548156e-007
  1.4706198e-006
  2.9800018e-006
  4.3253960e-006
  5.8213754e-006
  8.8394391e-006
  1.0680678e-005
  1.4298719e-005
  2.1424490e-005
  2.9536167e-005
  4.0034137e-005
  5.1664582e-005
  6.4076684e-005
  7.7669816e-005
  8.9891970e-005
  9.8266075e-005
  1.0428750e-004
  1.0899297e-004
  1.1513252e-004
  1.2337020e-004
  1.3694992e-004
  1.5885443e-004
  1.9748269e-004
  2.5287825e-004
  3.4293312e-004
  4.9475226e-004
  7.3351568e-004
  1.1164684e-003
  1.6622008e-003
  2.3529301e-003
  3.0489431e-003
  3.2523459e-003
  2.4674373e-003
  1.4199155e-003
  2.0680276e-009
  4.1263355e-009
  8.2330248e-009
  2.3257403e-008
  4.6405104e-008
  9.2591022e-008
  1.8474237e-007
  3.6859077e-007
  7.3548156e-007
  1.4706198e-006
  2.9800018e-006
  4.3253960e-006
  5.8213754e-006
  8.8394391e-006
  1.0680678e-005
  1.4298719e-005
  2.1424490e-005
  2.9536167e-005
  4.0034137e-005
  5.1664582e-005
  6.4076684e-005
  7.7669816e-005
  8.9891970e-005
  9.8266075e-005
  1.0428750e-004
  1.0899297e-004
  1.1513252e-004
  1.2337020e-004
  1.3694992e-004
  1.5885443e-004
  1.9748269e-004
  2.5287825e-004
  3.4293312e-004
  4.9475226e-004
  7.3351568e-004
  1.1164684e-003
  1.6622008e-003
  2.3529301e-003
  3.0489431e-003
  3.2523459e-003
  2.4674373e-003
  1.4199155e-003
  2.0680276e-009
  4.1263355e-009
  8.2330248e-009
  2.3257403e-008
  4.6405104e-008
  9.2591022e-008
  1.8474237e-007
  3.6859077e-007
  7.3548156e-007
  1.4706198e-006
  2.9800018e-006
  4.3253960e-006
  5.8213754e-006
  8.8394391e-006
  1.0680678e-005
  1.4298719e-005
  2.1424490e-005
  2.9536167e-005
  4.0034137e-005
  5.1664582e-005
  6.4076684e-005
  7.7669816e-005
  8.9891970e-005
  9.8266075e-005
  1.0428750e-004
  1.0899297e-004
  1.1513252e-004
  1.2337020e-004
  1.3694992e-004
  1.5885443e-004
  1.9748269e-004
  2.5287825e-004
  3.4293312e-004
  4.9475226e-004
  7.3351568e-004
  1.1164684e-003
  1.6622008e-003
  2.3529301e-003
  3.0489431e-003
  3.2523459e-003
  2.4674373e-003
  1.4199155e-003
  2.0680276e-009
  4.1263355e-009
  8.2330248e-009
  2.3257403e-008
  4.6405104e-008
  9.2591022e-008
  1.8474237e-007
  3.6859077e-007
  7.3548156e-007
  1.4706198e-006
  2.9800018e-006
  4.3253960e-006
  5.8213754e-006
  8.8394391e-006
  1.0680678e-005
  1.4298719e-005
  2.1424490e-005
  2.9536167e-005
  4.0034137e-005
  5.1664582e-005
  6.4076684e-005
  7.7669816e-005
  8.9891970e-005
  9.8266075e-005
  1.0428750e-004
  1.0899297e-004
  1.1513252e-004
  1.2337020e-004
  1.3694992e-004
  1.5885443e-004
  1.9748269e-004
  2.5287825e-004
  3.4293312e-004
  4.9475226e-004
  7.3351568e-004
  1.1164684e-003
  1.6622008e-003
  2.3529301e-003
  3.0489431e-003
  3.2523459e-003
  2.4674373e-003
  1.4199155e-003
  2.0680276e-009
  4.1263355e-009
  8.2330248e-009
  2.3257403e-008
  4.6405104e-008
  9.2591022e-008
  1.8474237e-007
  3.6859077e-007
  7.3548156e-007
  1.4706198e-006
  2.9800018e-006
  4.3253960e-006
  5.8213754e-006
  8.8394391e-006
  1.0680678e-005
  1.4298719e-005
  2.1424490e-005
  2.9536167e-005
  4.0034137e-005
  5.1664582e-005
  6.4076684e-005
  7.7669816e-005
  8.9891970e-005
  9.8266075e-005
  1.0428750e-004
  1.0899297e-004
  1.1513252e-004
  1.2337020e-004
  1.3694992e-004
  1.5885443e-004
  1.9748269e-004
  2.5287825e-004
  3.4293312e-004
  4.9475226e-004
  7.3351568e-004
  1.1164684e-003
  1.6622008e-003
  2.3529301e-003
  3.0489431e-003
  3.2523459e-003
  2.4674373e-003
  1.4199155e-003
  2.0680276e-009
  4.1263355e-009
  8.2330248e-009
  2.3257403e-008
  4.6405104e-008
  9.2591022e-008
  1.8474237e-007
  3.6859077e-007
  7.3548156e-007
  1.4706198e-006
  2.9800018e-006
  4.3253960e-006
  5.8213754e-006
  8.8394391e-006
  1.0680678e-005
  1.4298719e-005
  2.1424490e-005
  2.9536167e-005
  4.0034137e-005
  5.1664582e-005
  6.4076684e-005
  7.7669816e-005
  8.9891970e-005
  9.8266075e-005
  1.0428750e-004
  1.0899297e-004
  1.1513252e-004
  1.2337020e-004
  1.3694992e-004
  1.5885443e-004
  1.9748269e-004
  2.5287825e-004
  3.4293312e-004
  4.9475226e-004
  7.3351568e-004
  1.1164684e-003
  1.6622008e-003
  2.3529301e-003
  3.0489431e-003
  3.2523459e-003
  2.4674373e-003
  1.4199155e-003
  2.0680276e-009
  4.1263355e-009
  8.2330248e-009
  2.3257403e-008
  4.6405104e-008
  9.2591022e-008
  1.8474237e-007
  3.6859077e-007
  7.3548156e-007
  1.4706198e-006
  2.9800018e-006
  4.3253960e-006
  5.8213754e-006
  8.8394391e-006
  1.0680678e-005
  1.4298719e-005
  2.1424490e-005
  2.9536167e-005
  4.0034137e-005
  5.1664582e-005
  6.4076684e-005
  7.7669816e-005
  8.9891970e-005
  9.8266075e-005
  1.0428750e-004
  1.0899297e-004
  1.1513252e-004
  1.2337020e-004
  1.3694992e-004
  1.5885443e-004
  1.9748269e-004
  2.5287825e-004
  3.4293312e-004
  4.9475226e-004
  7.3351568e-004
  1.1164684e-003
  1.6622008e-003
  2.3529301e-003
  3.0489431e-003
  3.2523459e-003
  2.4674373e-003
  1.4199155e-003
  2.0680276e-009
  4.1263355e-009
  8.2330248e-009
  2.3257403e-008
  4.6405104e-008
  9.2591022e-008
  1.8474237e-007
  3.6859077e-007
  7.3548156e-007
  1.4706198e-006
  2.9800018e-006
  4.3253960e-006
  5.8213754e-006
  8.8394391e-006
  1.0680678e-005
  1.4298719e-005
  2.1424490e-005
  2.9536167e-005
  4.0034137e-005
  5.1664582e-005
  6.4076684e-005
  7.7669816e-005
  8.9891970e-005
  9.8266075e-005
  1.0428750e-004
  1.0899297e-004
  1.1513252e-004
  1.2337020e-004
  1.3694992e-004
  1.5885443e-004
  1.9748269e-004
  2.5287825e-004
  3.4293312e-004
  4.9475226e-004
  7.3351568e-004
  1.1164684e-003
  1.6622008e-003
  2.3529301e-003
  3.0489431e-003
  3.2523459e-003
  2.4674373e-003
  1.4199155e-003
  2.0680276e-009
  4.1263355e-009
  8.2330248e-009
  2.3257403e-008
  4.6405104e-008
  9.2591022e-008
  1.8474237e-007
  3.6859077e-007
  7.3548156e-007
  1.4706198e-006
  2.9800018e-006
  4.3253960e-006
  5.8213754e-006
  8.8394391e-006
  1.0680678e-005
  1.4298719e-005
  2.1424490e-005
  2.9536167e-005
  4.0034137e-005
  5.1664582e-005
  6.4076684e-005
  7.7669816e-005
  8.9891970e-005
  9.8266075e-005
  1.0428750e-004
  1.0899297e-004
  1.1513252e-004
  1.2337020e-004
  1.3694992e-004
  1.5885443e-004
  1.9748269e-004
  2.5287825e-004
  3.4293312e-004
  4.9475226e-004
  7.3351568e-004
  1.1164684e-003
  1.6622008e-003
  2.3529301e-003
  3.0489431e-003
  3.2523459e-003
  2.4674373e-003
  1.4199155e-003
  2.0680276e-009
  4.1263355e-009
  8.2330248e-009
  2.3257403e-008
  4.6405104e-008
  9.2591022e-008
  1.8474237e-007
  3.6859077e-007
  7.3548156e-007
  1.4706198e-006
  2.9800018e-006
  4.3253960e-006
  5.8213754e-006
  8.8394391e-006
  1.0680678e-005
  1.4298719e-005
  2.1424490e-005
  2.9536167e-005
  4.0034137e-005
  5.1664582e-005
  6.4076684e-005
  7.7669816e-005
  8.9891970e-005
  9.8266075e-005
  1.0428750e-004
  1.0899297e-004
  1.1513252e-004
  1.2337020e-004
  1.3694992e-004
  1.5885443e-004
  1.9748269e-004
  2.5287825e-004
  3.4293312e-004
  4.9475226e-004
  7.3351568e-004
  1.1164684e-003
  1.6622008e-003
  2.3529301e-003
  3.0489431e-003
  3.2523459e-003
  2.4674373e-003
  1.4199155e-003
  2.0680276e-009
  4.1263355e-009
  8.2330248e-009
  2.3257403e-008
  4.6405104e-008
  9.2591022e-008
  1.8474237e-007
  3.6859077e-007
  7.3548156e-007
  1.4706198e-006
  2.9800018e-006
  4.3253960e-006
  5.8213754e-006
  8.8394391e-006
  1.0680678e-005
  1.4298719e-005
  2.1424490e-005
  2.9536167e-005
  4.0034137e-005
  5.1664582e-005
  6.4076684e-005
  7.7669816e-005
  8.9891970e-005
  9.8266075e-005
  1.0428750e-004
  1.0899297e-004
  1.1513252e-004
  1.2337020e-004
  1.3694992e-004
  1.5885443e-004
  1.9748269e-004
  2.5287825e-004
  3.4293312e-004
  4.9475226e-004
  7.3351568e-004
  1.1164684e-003
  1.6622008e-003
  2.3529301e-003
  3.0489431e-003
  3.2523459e-003
  2.4674373e-003
  1.4199155e-003
  2.0680276e-009
  4.1263355e-009
  8.2330248e-009
  2.3257403e-008
  4.6405104e-008
  9.2591022e-008
  1.8474237e-007
  3.6859077e-007
  7.3548156e-007
  1.4706198e-006
  2.9800018e-006
  4.3253960e-006
  5.8213754e-006
  8.8394391e-006
  1.0680678e-005
  1.4298719e-005
  2.1424490e-005
  2.9536167e-005
  4.0034137e-005
  5.1664582e-005
  6.4076684e-005
  7.7669816e-005
  8.9891970e-005
  9.8266075e-005
  1.0428750e-004
  1.0899297e-004
  1.1513252e-004
  1.2337020e-004
  1.3694992e-004
  1.5885443e-004
  1.9748269e-004
  2.5287825e-004
  3.4293312e-004
  4.9475226e-004
  7.3351568e-004
  1.1164684e-003
  1.6622008e-003
  2.3529301e-003
  3.0489431e-003
  3.2523459e-003
  2.4674373e-003
  1.4199155e-003
  2.0680276e-009
  4.1263355e-009
  8.2330248e-009
  2.3257403e-008
  4.6405104e-008
  9.2591022e-008
  1.8474237e-007
  3.6859077e-007
  7.3548156e-007
  1.4706198e-006
  2.9800018e-006
  4.3253960e-006
  5.8213754e-006
  8.8394391e-006
  1.0680678e-005
  1.4298719e-005
  2.1424490e-005
  2.9536167e-005
  4.0034137e-005
  5.1664582e-005
  6.4076684e-005
  7.7669816e-005
  8.9891970e-005
  9.8266075e-005
  1.0428750e-004
  1.0899297e-004
  1.1513252e-004
  1.2337020e-004
  1.3694992e-004
  1.5885443e-004
  1.9748269e-004
  2.5287825e-004
  3.4293312e-004
  4.9475226e-004
  7.3351568e-004
  1.1164684e-003
  1.6622008e-003
  2.3529301e-003
  3.0489431e-003
  3.2523459e-003
  2.4674373e-003
  1.4199155e-003
  2.0680276e-009
  4.1263355e-009
  8.2330248e-009
  2.3257403e-008
  4.6405104e-008
  9.2591022e-008
  1.8474237e-007
  3.6859077e-007
  7.3548156e-007
  1.4706198e-006
  2.9800018e-006
  4.3253960e-006
  5.8213754e-006
  8.8394391e-006
  1.0680678e-005
  1.4298719e-005
  2.1424490e-005
  2.9536167e-005
  4.0034137e-005
  5.1664582e-005
  6.4076684e-005
  7.7669816e-005
  8.9891970e-005
  9.8266075e-005
  1.0428750e-004
  1.0899297e-004
  1.1513252e-004
  1.2337020e-004
  1.3694992e-004
  1.5885443e-004
  1.9748269e-004
  2.5287825e-004
  3.4293312e-004
  4.9475226e-004
  7.3351568e-004
  1.1164684e-003
  1.6622008e-003
  2.3529301e-003
  3.0489431e-003
  3.2523459e-003
  2.4674373e-003
  1.4199155e-003
  2.0680276e-009
  4.1263355e-009
  8.2330248e-009
  2.3257403e-008
  4.6405104e-008
  9.2591022e-008
  1.8474237e-007
  3.6859077e-007
  7.3548156e-007
  1.4706198e-006
  2.9800018e-006
  4.3253960e-006
  5.8213754e-006
  8.8394391e-006
  1.0680678e-005
  1.4298719e-005
  2.1424490e-005
  2.9536167e-005
  4.0034137e-005
  5.1664582e-005
  6.4076684e-005
  7.7669816e-005
  8.9891970e-005
  9.8266075e-005
  1.0428750e-004
  1.0899297e-004
  1.1513252e-004
  1.2337020e-004
  1.3694992e-004
  1.5885443e-004
  1.9748269e-004
  2.5287825e-004
  3.4293312e-004
  4.9475226e-004
  7.3351568e-004
  1.1164684e-003
  1.6622008e-003
  2.3529301e-003
  3.0489431e-003
  3.2523459e-003
  2.4674373e-003
  1.4199155e-003
  2.0680276e-009
  4.1263355e-009
  8.2330248e-009
  2.3257403e-008
  4.6405104e-008
  9.2591022e-008
  1.8474237e-007
  3.6859077e-007
  7.3548156e-007
  1.4706198e-006
  2.9800018e-006
  4.3253960e-006
  5.8213754e-006
  8.8394391e-006
  1.0680678e-005
  1.4298719e-005
  2.1424490e-005
  2.9536167e-005
  4.0034137e-005
  5.1664582e-005
  6.4076684e-005
  7.7669816e-005
  8.9891970e-005
  9.8266075e-005
  1.0428750e-004
  1.0899297e-004
  1.1513252e-004
  1.2337020e-004
  1.3694992e-004
  1.5885443e-004
  1.9748269e-004
  2.5287825e-004
  3.4293312e-004
  4.9475226e-004
  7.3351568e-004
  1.1164684e-003
  1.6622008e-003
  2.3529301e-003
  3.0489431e-003
  3.2523459e-003
  2.4674373e-003
  1.4199155e-003
  2.0680276e-009
  4.1263355e-009
  8.2330248e-009
  2.3257403e-008
  4.6405104e-008
  9.2591022e-008
  1.8474237e-007
  3.6859077e-007
  7.3548156e-007
  1.4706198e-006
  2.9800018e-006
  4.3253960e-006
  5.8213754e-006
  8.8394391e-006
  1.0680678e-005
  1.4298719e-005
  2.1424490e-005
  2.9536167e-005
  4.0034137e-005
  5.1664582e-005
  6.4076684e-005
  7.7669816e-005
  8.9891970e-005
  9.8266075e-005
  1.0428750e-004
  1.0899297e-004
  1.1513252e-004
  1.2337020e-004
  1.3694992e-004
  1.5885443e-004
  1.9748269e-004
  2.5287825e-004
  3.4293312e-004
  4.9475226e-004
  7.3351568e-004
  1.1164684e-003
  1.6622008e-003
  2.3529301e-003
  3.0489431e-003
  3.2523459e-003
  2.4674373e-003
  1.4199155e-003
  2.0680276e-009
  4.1263355e-009
  8.2330248e-009
  2.3257403e-008
  4.6405104e-008
  9.2591022e-008
  1.8474237e-007
  3.6859077e-007
  7.3548156e-007
  1.4706198e-006
  2.9800018e-006
  4.3253960e-006
  5.8213754e-006
  8.8394391e-006
  1.0680678e-005
  1.4298719e-005
  2.1424490e-005
  2.9536167e-005
  4.0034137e-005
  5.1664582e-005
  6.4076684e-005
  7.7669816e-005
  8.9891970e-005
  9.8266075e-005
  1.0428750e-004
  1.0899297e-004
  1.1513252e-004
  1.2337020e-004
  1.3694992e-004
  1.5885443e-004
  1.9748269e-004
  2.5287825e-004
  3.4293312e-004
  4.9475226e-004
  7.3351568e-004
  1.1164684e-003
  1.6622008e-003
  2.3529301e-003
  3.0489431e-003
  3.2523459e-003
  2.4674373e-003
  1.4199155e-003
  2.0680276e-009
  4.1263355e-009
  8.2330248e-009
  2.3257403e-008
  4.6405104e-008
  9.2591022e-008
  1.8474237e-007
  3.6859077e-007
  7.3548156e-007
  1.4706198e-006
  2.9800018e-006
  4.3253960e-006
  5.8213754e-006
  8.8394391e-006
  1.0680678e-005
  1.4298719e-005
  2.1424490e-005
  2.9536167e-005
  4.0034137e-005
  5.1664582e-005
  6.4076684e-005
  7.7669816e-005
  8.9891970e-005
  9.8266075e-005
  1.0428750e-004
  1.0899297e-004
  1.1513252e-004
  1.2337020e-004
  1.3694992e-004
  1.5885443e-004
  1.9748269e-004
  2.5287825e-004
  3.4293312e-004
  4.9475226e-004
  7.3351568e-004
  1.1164684e-003
  1.6622008e-003
  2.3529301e-003
  3.0489431e-003
  3.2523459e-003
  2.4674373e-003
  1.4199155e-003
  2.0680276e-009
  4.1263355e-009
  8.2330248e-009
  2.3257403e-008
  4.6405104e-008
  9.2591022e-008
  1.8474237e-007
  3.6859077e-007
  7.3548156e-007
  1.4706198e-006
  2.9800018e-006
  4.3253960e-006
  5.8213754e-006
  8.8394391e-006
  1.0680678e-005
  1.4298719e-005
  2.1424490e-005
  2.9536167e-005
  4.0034137e-005
  5.1664582e-005
  6.4076684e-005
  7.7669816e-005
  8.9891970e-005
  9.8266075e-005
  1.0428750e-004
  1.0899297e-004
  1.1513252e-004
  1.2337020e-004
  1.3694992e-004
  1.5885443e-004
  1.9748269e-004
  2.5287825e-004
  3.4293312e-004
  4.9475226e-004
  7.3351568e-004
  1.1164684e-003
  1.6622008e-003
  2.3529301e-003
  3.0489431e-003
  3.2523459e-003
  2.4674373e-003
  1.4199155e-003
  2.0680276e-009
  4.1263355e-009
  8.2330248e-009
  2.3257403e-008
  4.6405104e-008
  9.2591022e-008
  1.8474237e-007
  3.6859077e-007
  7.3548156e-007
  1.4706198e-006
  2.9800018e-006
  4.3253960e-006
  5.8213754e-006
  8.8394391e-006
  1.0680678e-005
  1.4298719e-005
  2.1424490e-005
  2.9536167e-005
  4.0034137e-005
  5.1664582e-005
  6.4076684e-005
  7.7669816e-005
  8.9891970e-005
  9.8266075e-005
  1.0428750e-004
  1.0899297e-004
  1.1513252e-004
  1.2337020e-004
  1.3694992e-004
  1.5885443e-004
  1.9748269e-004
  2.5287825e-004
  3.4293312e-004
  4.9475226e-004
  7.3351568e-004
  1.1164684e-003
  1.6622008e-003
  2.3529301e-003
  3.0489431e-003
  3.2523459e-003
  2.4674373e-003
  1.4199155e-003
  2.0680276e-009
  4.1263355e-009
  8.2330248e-009
  2.3257403e-008
  4.6405104e-008
  9.2591022e-008
  1.8474237e-007
  3.6859077e-007
  7.3548156e-007
  1.4706198e-006
  2.9800018e-006
  4.3253960e-006
  5.8213754e-006
  8.8394391e-006
  1.0680678e-005
  1.4298719e-005
  2.1424490e-005
  2.9536167e-005
  4.0034137e-005
  5.1664582e-005
  6.4076684e-005
  7.7669816e-005
  8.9891970e-005
  9.8266075e-005
  1.0428750e-004
  1.0899297e-004
  1.1513252e-004
  1.2337020e-004
  1.3694992e-004
  1.5885443e-004
  1.9748269e-004
  2.5287825e-004
  3.4293312e-004
  4.9475226e-004
  7.3351568e-004
  1.1164684e-003
  1.6622008e-003
  2.3529301e-003
  3.0489431e-003
  3.2523459e-003
  2.4674373e-003
  1.4199155e-003
  2.0680276e-009
  4.1263355e-009
  8.2330248e-009
  2.3257403e-008
  4.6405104e-008
  9.2591022e-008
  1.8474237e-007
  3.6859077e-007
  7.3548156e-007
  1.4706198e-006
  2.9800018e-006
  4.3253960e-006
  5.8213754e-006
  8.8394391e-006
  1.0680678e-005
  1.4298719e-005
  2.1424490e-005
  2.9536167e-005
  4.0034137e-005
  5.1664582e-005
  6.4076684e-005
  7.7669816e-005
  8.9891970e-005
  9.8266075e-005
  1.0428750e-004
  1.0899297e-004
  1.1513252e-004
  1.2337020e-004
  1.3694992e-004
  1.5885443e-004
  1.9748269e-004
  2.5287825e-004
  3.4293312e-004
  4.9475226e-004
  7.3351568e-004
  1.1164684e-003
  1.6622008e-003
  2.3529301e-003
  3.0489431e-003
  3.2523459e-003
  2.4674373e-003
  1.4199155e-003
  2.0680276e-009
  4.1263355e-009
  8.2330248e-009
  2.3257403e-008
  4.6405104e-008
  9.2591022e-008
  1.8474237e-007
  3.6859077e-007
  7.3548156e-007
  1.4706198e-006
  2.9800018e-006
  4.3253960e-006
  5.8213754e-006
  8.8394391e-006
  1.0680678e-005
  1.4298719e-005
  2.1424490e-005
  2.9536167e-005
  4.0034137e-005
  5.1664582e-005
  6.4076684e-005
  7.7669816e-005
  8.9891970e-005
  9.8266075e-005
  1.0428750e-004
  1.0899297e-004
  1.1513252e-004
  1.2337020e-004
  1.3694992e-004
  1.5885443e-004
  1.9748269e-004
  2.5287825e-004
  3.4293312e-004
  4.9475226e-004
  7.3351568e-004
  1.1164684e-003
  1.6622008e-003
  2.3529301e-003
  3.0489431e-003
  3.2523459e-003
  2.4674373e-003
  1.4199155e-003
  2.0680276e-009
  4.1263355e-009
  8.2330248e-009
  2.3257403e-008
  4.6405104e-008
  9.2591022e-008
  1.8474237e-007
  3.6859077e-007
  7.3548156e-007
  1.4706198e-006
  2.9800018e-006
  4.3253960e-006
  5.8213754e-006
  8.8394391e-006
  1.0680678e-005
  1.4298719e-005
  2.1424490e-005
  2.9536167e-005
  4.0034137e-005
  5.1664582e-005
  6.4076684e-005
  7.7669816e-005
  8.9891970e-005
  9.8266075e-005
  1.0428750e-004
  1.0899297e-004
  1.1513252e-004
  1.2337020e-004
  1.3694992e-004
  1.5885443e-004
  1.9748269e-004
  2.5287825e-004
  3.4293312e-004
  4.9475226e-004
  7.3351568e-004
  1.1164684e-003
  1.6622008e-003
  2.3529301e-003
  3.0489431e-003
  3.2523459e-003
  2.4674373e-003
  1.4199155e-003
