*
E_r (V/cm)	gamma_i	gamma_e	Q_i	Q_e
  0.308221	 -0.9918992E+02	 -0.3000000E+01	 -0.3363789E+20	  0.1107158E+19	 -0.2235625E+20	  0.3464745E+19
  0.308221	 -0.9786074E+02	 -0.2959799E+01	 -0.3430256E+20	  0.1106965E+19	 -0.2062393E+20	  0.3477017E+19
  0.308221	 -0.9653156E+02	 -0.2919598E+01	 -0.3306067E+20	  0.1096942E+19	 -0.1853062E+20	  0.3498005E+19
  0.308221	 -0.9520239E+02	 -0.2879397E+01	 -0.3221131E+20	  0.1087609E+19	 -0.1595113E+20	  0.3518368E+19
  0.308221	 -0.9387321E+02	 -0.2839196E+01	 -0.3181344E+20	  0.1079455E+19	 -0.1335314E+20	  0.3537911E+19
  0.308221	 -0.9254403E+02	 -0.2798995E+01	 -0.3164932E+20	  0.1072744E+19	 -0.1122036E+20	  0.3556499E+19
  0.308221	 -0.9121485E+02	 -0.2758794E+01	 -0.3230778E+20	  0.1066857E+19	 -0.9178364E+19	  0.3575590E+19
  0.308221	 -0.8988567E+02	 -0.2718593E+01	 -0.3230546E+20	  0.1066506E+19	 -0.7469671E+19	  0.3590155E+19
  0.308221	 -0.8855649E+02	 -0.2678392E+01	 -0.2976763E+20	  0.1072980E+19	 -0.5719270E+19	  0.3598960E+19
  0.308221	 -0.8722732E+02	 -0.2638191E+01	 -0.3006925E+20	  0.1079712E+19	 -0.3962841E+19	  0.3607611E+19
  0.308221	 -0.8589814E+02	 -0.2597990E+01	 -0.2747851E+20	  0.1086076E+19	 -0.2247606E+19	  0.3616803E+19
  0.308221	 -0.8456896E+02	 -0.2557789E+01	 -0.2631916E+20	  0.1086226E+19	 -0.4106857E+18	  0.3631867E+19
  0.308221	 -0.8323978E+02	 -0.2517588E+01	 -0.2605643E+20	  0.1085574E+19	  0.1406347E+19	  0.3648476E+19
  0.308221	 -0.8191060E+02	 -0.2477387E+01	 -0.2597225E+20	  0.1087774E+19	  0.2876248E+19	  0.3663397E+19
  0.308221	 -0.8058143E+02	 -0.2437186E+01	 -0.2599384E+20	  0.1091559E+19	  0.4224631E+19	  0.3677309E+19
  0.308221	 -0.7925225E+02	 -0.2396985E+01	 -0.2587669E+20	  0.1096240E+19	  0.5593760E+19	  0.3690710E+19
  0.308221	 -0.7792307E+02	 -0.2356784E+01	 -0.2442397E+20	  0.1103902E+19	  0.6728631E+19	  0.3701974E+19
  0.308221	 -0.7659389E+02	 -0.2316583E+01	 -0.2305973E+20	  0.1110639E+19	  0.7783051E+19	  0.3714600E+19
  0.308221	 -0.7526471E+02	 -0.2276382E+01	 -0.2209458E+20	  0.1118021E+19	  0.8678339E+19	  0.3727440E+19
  0.308221	 -0.7393554E+02	 -0.2236181E+01	 -0.2077716E+20	  0.1124972E+19	  0.9365560E+19	  0.3741489E+19
  0.308221	 -0.7260636E+02	 -0.2195980E+01	 -0.1973639E+20	  0.1131667E+19	  0.1015965E+20	  0.3756526E+19
  0.308221	 -0.7127718E+02	 -0.2155779E+01	 -0.1925849E+20	  0.1141998E+19	  0.1086983E+20	  0.3768916E+19
  0.308221	 -0.6994800E+02	 -0.2115578E+01	 -0.1835780E+20	  0.1152332E+19	  0.1112808E+20	  0.3781728E+19
  0.308221	 -0.6861882E+02	 -0.2075377E+01	 -0.1721113E+20	  0.1163167E+19	  0.1111099E+20	  0.3794746E+19
  0.308221	 -0.6728964E+02	 -0.2035176E+01	 -0.1627587E+20	  0.1172999E+19	  0.1121696E+20	  0.3807459E+19
  0.308221	 -0.6596047E+02	 -0.1994975E+01	 -0.1546456E+20	  0.1182856E+19	  0.1150473E+20	  0.3822760E+19
  0.308221	 -0.6463129E+02	 -0.1954774E+01	 -0.1437508E+20	  0.1192658E+19	  0.1138496E+20	  0.3838890E+19
  0.308221	 -0.6330211E+02	 -0.1914573E+01	 -0.1330489E+20	  0.1202772E+19	  0.1107381E+20	  0.3855311E+19
  0.308221	 -0.6197293E+02	 -0.1874372E+01	 -0.1226831E+20	  0.1214216E+19	  0.1072862E+20	  0.3871360E+19
  0.308221	 -0.6064375E+02	 -0.1834171E+01	 -0.1113693E+20	  0.1225918E+19	  0.1030634E+20	  0.3887881E+19
  0.308221	 -0.5931458E+02	 -0.1793970E+01	 -0.1012439E+20	  0.1237342E+19	  0.9869906E+19	  0.3905261E+19
  0.308221	 -0.5798540E+02	 -0.1753769E+01	 -0.9299959E+19	  0.1248281E+19	  0.9306760E+19	  0.3923750E+19
  0.308221	 -0.5665622E+02	 -0.1713568E+01	 -0.8403035E+19	  0.1259532E+19	  0.8724213E+19	  0.3942666E+19
  0.308221	 -0.5532704E+02	 -0.1673367E+01	 -0.7537876E+19	  0.1271194E+19	  0.8037648E+19	  0.3961962E+19
  0.308221	 -0.5399786E+02	 -0.1633166E+01	 -0.6680854E+19	  0.1282806E+19	  0.7340999E+19	  0.3982078E+19
  0.308221	 -0.5266868E+02	 -0.1592965E+01	 -0.5867581E+19	  0.1294655E+19	  0.6719641E+19	  0.4002796E+19
  0.308221	 -0.5133951E+02	 -0.1552764E+01	 -0.5213407E+19	  0.1306552E+19	  0.6056793E+19	  0.4024351E+19
  0.308221	 -0.5001033E+02	 -0.1512563E+01	 -0.4636643E+19	  0.1318107E+19	  0.5452798E+19	  0.4047171E+19
  0.308221	 -0.4868115E+02	 -0.1472362E+01	 -0.4059847E+19	  0.1329686E+19	  0.4914593E+19	  0.4070879E+19
  0.308221	 -0.4735197E+02	 -0.1432161E+01	 -0.3535558E+19	  0.1341603E+19	  0.4203972E+19	  0.4095191E+19
  0.308221	 -0.4602279E+02	 -0.1391960E+01	 -0.3069214E+19	  0.1353702E+19	  0.3739608E+19	  0.4120504E+19
  0.308221	 -0.4469362E+02	 -0.1351759E+01	 -0.2687723E+19	  0.1365428E+19	  0.3349299E+19	  0.4147477E+19
  0.308221	 -0.4336444E+02	 -0.1311558E+01	 -0.2340042E+19	  0.1377014E+19	  0.2860515E+19	  0.4175730E+19
  0.308221	 -0.4203526E+02	 -0.1271357E+01	 -0.2028823E+19	  0.1388958E+19	  0.2564541E+19	  0.4205424E+19
  0.308221	 -0.4070608E+02	 -0.1231156E+01	 -0.1739676E+19	  0.1401100E+19	  0.2274359E+19	  0.4236879E+19
  0.308221	 -0.3937690E+02	 -0.1190955E+01	 -0.1473241E+19	  0.1413362E+19	  0.1895978E+19	  0.4270184E+19
  0.308221	 -0.3804772E+02	 -0.1150754E+01	 -0.1291280E+19	  0.1426007E+19	  0.1664067E+19	  0.4306068E+19
  0.308221	 -0.3671855E+02	 -0.1110553E+01	 -0.1138884E+19	  0.1438941E+19	  0.1463005E+19	  0.4344503E+19
  0.308221	 -0.3538937E+02	 -0.1070352E+01	 -0.9970112E+18	  0.1452996E+19	  0.1315710E+19	  0.4388700E+19
  0.308221	 -0.3406019E+02	 -0.1030151E+01	 -0.8883778E+18	  0.1466762E+19	  0.1204986E+19	  0.4432889E+19
  0.308221	 -0.3273101E+02	 -0.9899497E+00	 -0.7954970E+18	  0.1482087E+19	  0.1096276E+19	  0.4487107E+19
  0.308221	 -0.3140183E+02	 -0.9497487E+00	 -0.7176318E+18	  0.1497872E+19	  0.1012890E+19	  0.4543312E+19
  0.308221	 -0.3007266E+02	 -0.9095477E+00	 -0.6430345E+18	  0.1515301E+19	  0.9290666E+18	  0.4606293E+19
  0.308221	 -0.2874348E+02	 -0.8693467E+00	 -0.5721164E+18	  0.1533603E+19	  0.8568512E+18	  0.4675842E+19
  0.308221	 -0.2741430E+02	 -0.8291457E+00	 -0.5078095E+18	  0.1553054E+19	  0.7927315E+18	  0.4749513E+19
  0.308221	 -0.2608512E+02	 -0.7889447E+00	 -0.4449632E+18	  0.1573758E+19	  0.7278254E+18	  0.4828274E+19
  0.308221	 -0.2475594E+02	 -0.7487437E+00	 -0.3914964E+18	  0.1595055E+19	  0.6835001E+18	  0.4911003E+19
  0.308221	 -0.2342677E+02	 -0.7085427E+00	 -0.3436838E+18	  0.1616983E+19	  0.6424518E+18	  0.4996867E+19
  0.308221	 -0.2209759E+02	 -0.6683417E+00	 -0.2982518E+18	  0.1639944E+19	  0.6177175E+18	  0.5088419E+19
  0.308221	 -0.2076841E+02	 -0.6281407E+00	 -0.2585255E+18	  0.1662952E+19	  0.5993358E+18	  0.5183396E+19
  0.308221	 -0.1943923E+02	 -0.5879397E+00	 -0.2254065E+18	  0.1686198E+19	  0.5905922E+18	  0.5284080E+19
  0.308221	 -0.1811005E+02	 -0.5477387E+00	 -0.1904876E+18	  0.1710631E+19	  0.5871659E+18	  0.5392106E+19
  0.308221	 -0.1678087E+02	 -0.5075377E+00	 -0.1579809E+18	  0.1736557E+19	  0.5918195E+18	  0.5508811E+19
  0.308221	 -0.1545170E+02	 -0.4673367E+00	 -0.1278841E+18	  0.1764524E+19	  0.5929872E+18	  0.5635414E+19
  0.308221	 -0.1412252E+02	 -0.4271357E+00	 -0.9605651E+17	  0.1795069E+19	  0.5996799E+18	  0.5773809E+19
  0.308221	 -0.1279334E+02	 -0.3869347E+00	 -0.6477156E+17	  0.1828824E+19	  0.6098246E+18	  0.5926237E+19
  0.308221	 -0.1146416E+02	 -0.3467337E+00	 -0.3471657E+17	  0.1866624E+19	  0.6247716E+18	  0.6095721E+19
  0.308221	 -0.1013498E+02	 -0.3065327E+00	 -0.3828679E+16	  0.1909430E+19	  0.6433567E+18	  0.6286574E+19
  0.308221	 -0.8805805E+01	 -0.2663317E+00	  0.2693949E+17	  0.1958760E+19	  0.6665035E+18	  0.6504719E+19
  0.308221	 -0.7476627E+01	 -0.2261307E+00	  0.5945497E+17	  0.2016760E+19	  0.6887679E+18	  0.6759214E+19
  0.308221	 -0.6147449E+01	 -0.1859296E+00	  0.9231997E+17	  0.2086883E+19	  0.7117652E+18	  0.7064406E+19
  0.308221	 -0.4818271E+01	 -0.1457286E+00	  0.1260576E+18	  0.2175117E+19	  0.7349594E+18	  0.7445304E+19
  0.308221	 -0.3489093E+01	 -0.1055276E+00	  0.1603175E+18	  0.2292444E+19	  0.7612624E+18	  0.7946046E+19
  0.308221	 -0.2159915E+01	 -0.6532663E-01	  0.1948311E+18	  0.2389820E+19	  0.7926476E+18	  0.8339103E+19
  0.308221	 -0.8307363E+00	 -0.2512563E-01	  0.2298104E+18	  0.2460888E+19	  0.8276318E+18	  0.8813137E+19
  0.308221	  0.4984418E+00	  0.1507538E-01	  0.2641030E+18	  0.2495063E+19	  0.8583560E+18	  0.9061207E+19
  0.308221	  0.1827620E+01	  0.5527638E-01	  0.2952383E+18	  0.2386049E+19	  0.8749100E+18	  0.8394202E+19
  0.308221	  0.3156798E+01	  0.9547739E-01	  0.3250682E+18	  0.2296564E+19	  0.8924956E+18	  0.8028999E+19
  0.308221	  0.4485976E+01	  0.1356784E+00	  0.3543781E+18	  0.2162454E+19	  0.9061567E+18	  0.7498216E+19
  0.308221	  0.5815154E+01	  0.1758794E+00	  0.3863119E+18	  0.2058425E+19	  0.9186173E+18	  0.7078895E+19
  0.308221	  0.7144333E+01	  0.2160804E+00	  0.4189783E+18	  0.1975095E+19	  0.9373700E+18	  0.6745629E+19
  0.308221	  0.8473511E+01	  0.2562814E+00	  0.4515093E+18	  0.1905375E+19	  0.9568222E+18	  0.6468720E+19
  0.308221	  0.9802689E+01	  0.2964824E+00	  0.4821286E+18	  0.1845308E+19	  0.9778126E+18	  0.6231713E+19
  0.308221	  0.1113187E+02	  0.3366834E+00	  0.5111074E+18	  0.1792492E+19	  0.9951133E+18	  0.6024409E+19
  0.308221	  0.1246105E+02	  0.3768844E+00	  0.5401532E+18	  0.1745299E+19	  0.1007996E+19	  0.5840108E+19
  0.308221	  0.1379022E+02	  0.4170854E+00	  0.5685460E+18	  0.1702695E+19	  0.1014237E+19	  0.5674139E+19
  0.308221	  0.1511940E+02	  0.4572864E+00	  0.5996026E+18	  0.1663720E+19	  0.1017512E+19	  0.5523108E+19
  0.308221	  0.1644858E+02	  0.4974874E+00	  0.6291699E+18	  0.1628085E+19	  0.1012647E+19	  0.5384556E+19
  0.308221	  0.1777776E+02	  0.5376884E+00	  0.6609644E+18	  0.1594652E+19	  0.1017420E+19	  0.5256355E+19
  0.308221	  0.1910694E+02	  0.5778894E+00	  0.6965411E+18	  0.1563520E+19	  0.1010632E+19	  0.5137325E+19
  0.308221	  0.2043611E+02	  0.6180905E+00	  0.7302141E+18	  0.1534109E+19	  0.1000342E+19	  0.5026047E+19
  0.308221	  0.2176529E+02	  0.6582915E+00	  0.7696525E+18	  0.1505388E+19	  0.9811190E+18	  0.4920979E+19
  0.308221	  0.2309447E+02	  0.6984925E+00	  0.8154000E+18	  0.1477221E+19	  0.9551062E+18	  0.4819841E+19
  0.308221	  0.2442365E+02	  0.7386935E+00	  0.8645605E+18	  0.1450584E+19	  0.9140076E+18	  0.4724203E+19
  0.308221	  0.2575283E+02	  0.7788945E+00	  0.9205030E+18	  0.1424950E+19	  0.8678218E+18	  0.4632314E+19
  0.308221	  0.2708200E+02	  0.8190955E+00	  0.9825755E+18	  0.1400325E+19	  0.8048017E+18	  0.4544041E+19
  0.308221	  0.2841118E+02	  0.8592965E+00	  0.1052937E+19	  0.1377181E+19	  0.7368944E+18	  0.4460256E+19
  0.308221	  0.2974036E+02	  0.8994975E+00	  0.1128112E+19	  0.1355953E+19	  0.6656782E+18	  0.4381260E+19
  0.308221	  0.3106954E+02	  0.9396985E+00	  0.1208545E+19	  0.1335641E+19	  0.5789429E+18	  0.4306070E+19
  0.308221	  0.3239872E+02	  0.9798995E+00	  0.1290736E+19	  0.1317856E+19	  0.5026997E+18	  0.4240619E+19
  0.308221	  0.3372790E+02	  0.1020101E+01	  0.1386418E+19	  0.1300863E+19	  0.3981812E+18	  0.4174133E+19
  0.308221	  0.3505707E+02	  0.1060302E+01	  0.1496801E+19	  0.1286451E+19	  0.2843739E+18	  0.4118188E+19
  0.308221	  0.3638625E+02	  0.1100503E+01	  0.1648639E+19	  0.1271520E+19	  0.1554646E+18	  0.4063287E+19
  0.308221	  0.3771543E+02	  0.1140704E+01	  0.1805414E+19	  0.1258282E+19	 -0.4594429E+17	  0.4012955E+19
  0.308221	  0.3904461E+02	  0.1180905E+01	  0.1988023E+19	  0.1246057E+19	 -0.2783295E+18	  0.3965114E+19
  0.308221	  0.4037379E+02	  0.1221106E+01	  0.2252453E+19	  0.1234595E+19	 -0.6816942E+18	  0.3919777E+19
  0.308221	  0.4170296E+02	  0.1261307E+01	  0.2564649E+19	  0.1223755E+19	 -0.9808937E+18	  0.3876081E+19
  0.308221	  0.4303214E+02	  0.1301508E+01	  0.2898015E+19	  0.1213647E+19	 -0.1266408E+19	  0.3833767E+19
  0.308221	  0.4436132E+02	  0.1341709E+01	  0.3259401E+19	  0.1203900E+19	 -0.1769816E+19	  0.3793304E+19
  0.308221	  0.4569050E+02	  0.1381910E+01	  0.3648633E+19	  0.1194903E+19	 -0.2256471E+19	  0.3753400E+19
  0.308221	  0.4701968E+02	  0.1422111E+01	  0.4143826E+19	  0.1186898E+19	 -0.2642158E+19	  0.3714209E+19
  0.308221	  0.4834886E+02	  0.1462312E+01	  0.4668683E+19	  0.1179820E+19	 -0.3405377E+19	  0.3675474E+19
  0.308221	  0.4967803E+02	  0.1502513E+01	  0.5291124E+19	  0.1172535E+19	 -0.3960934E+19	  0.3638035E+19
  0.308221	  0.5100721E+02	  0.1542714E+01	  0.5908685E+19	  0.1165438E+19	 -0.4558738E+19	  0.3601470E+19
  0.308221	  0.5233639E+02	  0.1582915E+01	  0.6577037E+19	  0.1159404E+19	 -0.5273164E+19	  0.3565051E+19
  0.308221	  0.5366557E+02	  0.1623116E+01	  0.7407056E+19	  0.1153893E+19	 -0.5887074E+19	  0.3529199E+19
  0.308221	  0.5499475E+02	  0.1663317E+01	  0.8323671E+19	  0.1148641E+19	 -0.6639692E+19	  0.3494058E+19
  0.308221	  0.5632392E+02	  0.1703518E+01	  0.9245221E+19	  0.1143838E+19	 -0.7355465E+19	  0.3459420E+19
  0.308221	  0.5765310E+02	  0.1743719E+01	  0.1020095E+20	  0.1139137E+19	 -0.8038383E+19	  0.3425543E+19
  0.308221	  0.5898228E+02	  0.1783920E+01	  0.1109321E+20	  0.1134337E+19	 -0.8621217E+19	  0.3392570E+19
  0.308221	  0.6031146E+02	  0.1824121E+01	  0.1211095E+20	  0.1130308E+19	 -0.9077164E+19	  0.3359719E+19
  0.308221	  0.6164064E+02	  0.1864322E+01	  0.1332106E+20	  0.1127145E+19	 -0.9526937E+19	  0.3326856E+19
  0.308221	  0.6296982E+02	  0.1904523E+01	  0.1452528E+20	  0.1124498E+19	 -0.9911586E+19	  0.3294270E+19
  0.308221	  0.6429899E+02	  0.1944724E+01	  0.1554802E+20	  0.1120778E+19	 -0.1020925E+20	  0.3263436E+19
  0.308221	  0.6562817E+02	  0.1984925E+01	  0.1682336E+20	  0.1116876E+19	 -0.1036665E+20	  0.3233413E+19
  0.308221	  0.6695735E+02	  0.2025126E+01	  0.1771406E+20	  0.1113252E+19	 -0.1020278E+20	  0.3204036E+19
  0.308221	  0.6828653E+02	  0.2065327E+01	  0.1865658E+20	  0.1111564E+19	 -0.1001458E+20	  0.3175037E+19
  0.308221	  0.6961571E+02	  0.2105528E+01	  0.1985293E+20	  0.1110156E+19	 -0.9922378E+19	  0.3145113E+19
  0.308221	  0.7094488E+02	  0.2145729E+01	  0.2092318E+20	  0.1108868E+19	 -0.9828457E+19	  0.3115847E+19
  0.308221	  0.7227406E+02	  0.2185930E+01	  0.2153597E+20	  0.1107532E+19	 -0.9046071E+19	  0.3087131E+19
  0.308221	  0.7360324E+02	  0.2226131E+01	  0.2246942E+20	  0.1103885E+19	 -0.8226886E+19	  0.3060963E+19
  0.308221	  0.7493242E+02	  0.2266332E+01	  0.2386543E+20	  0.1099163E+19	 -0.7428444E+19	  0.3036443E+19
  0.308221	  0.7626160E+02	  0.2306533E+01	  0.2489682E+20	  0.1095817E+19	 -0.6559219E+19	  0.3011670E+19
  0.308221	  0.7759078E+02	  0.2346734E+01	  0.2635613E+20	  0.1092358E+19	 -0.5403596E+19	  0.2987628E+19
  0.308221	  0.7891995E+02	  0.2386935E+01	  0.2790650E+20	  0.1090137E+19	 -0.4247315E+19	  0.2963146E+19
  0.308221	  0.8024913E+02	  0.2427136E+01	  0.2844665E+20	  0.1085803E+19	 -0.2750062E+19	  0.2941068E+19
  0.308221	  0.8157831E+02	  0.2467337E+01	  0.2842046E+20	  0.1079938E+19	 -0.1352668E+19	  0.2920715E+19
  0.308221	  0.8290749E+02	  0.2507538E+01	  0.2846213E+20	  0.1073327E+19	  0.2392240E+18	  0.2901389E+19
  0.308221	  0.8423667E+02	  0.2547739E+01	  0.2870023E+20	  0.1063220E+19	  0.2125867E+19	  0.2885823E+19
  0.308221	  0.8556584E+02	  0.2587940E+01	  0.2969338E+20	  0.1053896E+19	  0.4110460E+19	  0.2870371E+19
  0.308221	  0.8689502E+02	  0.2628141E+01	  0.3276800E+20	  0.1050056E+19	  0.6008143E+19	  0.2850689E+19
  0.308221	  0.8822420E+02	  0.2668342E+01	  0.3268251E+20	  0.1048668E+19	  0.7914940E+19	  0.2829170E+19
  0.308221	  0.8955338E+02	  0.2708543E+01	  0.3482003E+20	  0.1047030E+19	  0.9826556E+19	  0.2808053E+19
  0.308221	  0.9088256E+02	  0.2748744E+01	  0.3545708E+20	  0.1040692E+19	  0.1164139E+20	  0.2791273E+19
  0.308221	  0.9221173E+02	  0.2788945E+01	  0.3475247E+20	  0.1027411E+19	  0.1375169E+20	  0.2780842E+19
  0.308221	  0.9354091E+02	  0.2829146E+01	  0.3468174E+20	  0.1011783E+19	  0.1605575E+20	  0.2773508E+19
  0.308221	  0.9487009E+02	  0.2869347E+01	  0.3516694E+20	  0.9956988E+18	  0.1875084E+20	  0.2767082E+19
  0.308221	  0.9619927E+02	  0.2909548E+01	  0.3578433E+20	  0.9782312E+18	  0.2164050E+20	  0.2762124E+19
  0.308221	  0.9752845E+02	  0.2949749E+01	  0.3713632E+20	  0.9596288E+18	  0.2400917E+20	  0.2758268E+19
  0.308221	  0.9885763E+02	  0.2989950E+01	  0.3663183E+20	  0.9499090E+18	  0.2592516E+20	  0.2746774E+19
  0.308221	  0.1001868E+03	  0.3030151E+01	  0.3711166E+20	  0.9402963E+18	  0.2803546E+20	  0.2735463E+19
  0.308221	  0.1015160E+03	  0.3070352E+01	  0.3724040E+20	  0.9277522E+18	  0.3194359E+20	  0.2727008E+19
  0.308221	  0.1028452E+03	  0.3110553E+01	  0.3645973E+20	  0.9088591E+18	  0.3315548E+20	  0.2724928E+19
  0.308221	  0.1041743E+03	  0.3150754E+01	  0.3597543E+20	  0.8876736E+18	  0.3493057E+20	  0.2725067E+19
  0.308221	  0.1055035E+03	  0.3190955E+01	  0.3563528E+20	  0.8651187E+18	  0.3693922E+20	  0.2726624E+19
  0.308221	  0.1068327E+03	  0.3231156E+01	  0.3609238E+20	  0.8465923E+18	  0.3896739E+20	  0.2724836E+19
  0.308221	  0.1081619E+03	  0.3271357E+01	  0.3614274E+20	  0.8249745E+18	  0.4107298E+20	  0.2725935E+19
  0.308221	  0.1094911E+03	  0.3311558E+01	  0.3616344E+20	  0.8021492E+18	  0.4312112E+20	  0.2728317E+19
  0.308221	  0.1108202E+03	  0.3351759E+01	  0.3595268E+20	  0.7863366E+18	  0.4495287E+20	  0.2724916E+19
  0.308221	  0.1121494E+03	  0.3391960E+01	  0.3554125E+20	  0.7682239E+18	  0.4682676E+20	  0.2723883E+19
  0.308221	  0.1134786E+03	  0.3432161E+01	  0.3457667E+20	  0.7426594E+18	  0.4724198E+20	  0.2729526E+19
  0.308221	  0.1148078E+03	  0.3472362E+01	  0.3380420E+20	  0.7160373E+18	  0.4753692E+20	  0.2736270E+19
  0.308221	  0.1161369E+03	  0.3512563E+01	  0.3293618E+20	  0.6895916E+18	  0.4846468E+20	  0.2743117E+19
  0.308221	  0.1174661E+03	  0.3552764E+01	  0.3200826E+20	  0.6633148E+18	  0.5087118E+20	  0.2750017E+19
  0.308221	  0.1187953E+03	  0.3592965E+01	  0.3156837E+20	  0.6405491E+18	  0.5151236E+20	  0.2754030E+19
  0.308221	  0.1201245E+03	  0.3633166E+01	  0.3139256E+20	  0.6187666E+18	  0.5172222E+20	  0.2757458E+19
  0.308221	  0.1214537E+03	  0.3673367E+01	  0.3119329E+20	  0.5972476E+18	  0.5237719E+20	  0.2760854E+19
  0.308221	  0.1227828E+03	  0.3713568E+01	  0.3063183E+20	  0.5806143E+18	  0.5280300E+20	  0.2760127E+19
  0.308221	  0.1241120E+03	  0.3753769E+01	  0.2918033E+20	  0.5549643E+18	  0.5321993E+20	  0.2767419E+19
  0.308221	  0.1254412E+03	  0.3793970E+01	  0.2794559E+20	  0.5301515E+18	  0.5290050E+20	  0.2774141E+19
  0.308221	  0.1267704E+03	  0.3834171E+01	  0.2676374E+20	  0.5049194E+18	  0.5136556E+20	  0.2781401E+19
  0.308221	  0.1280995E+03	  0.3874372E+01	  0.2573779E+20	  0.4786778E+18	  0.5091979E+20	  0.2789681E+19
  0.308221	  0.1294287E+03	  0.3914573E+01	  0.2500995E+20	  0.4541504E+18	  0.5075549E+20	  0.2796726E+19
  0.308221	  0.1307579E+03	  0.3954774E+01	  0.2439846E+20	  0.4298191E+18	  0.5045540E+20	  0.2803707E+19
  0.308221	  0.1320871E+03	  0.3994975E+01	  0.2449188E+20	  0.4094109E+18	  0.4996119E+20	  0.2807380E+19
  0.308221	  0.1334163E+03	  0.4035176E+01	  0.2309325E+20	  0.3909620E+18	  0.4929748E+20	  0.2809450E+19
  0.308221	  0.1347454E+03	  0.4075377E+01	  0.2212237E+20	  0.3734861E+18	  0.4854962E+20	  0.2810783E+19
  0.308221	  0.1360746E+03	  0.4115578E+01	  0.2173446E+20	  0.3553234E+18	  0.4803987E+20	  0.2812838E+19
  0.308221	  0.1374038E+03	  0.4155779E+01	  0.2088382E+20	  0.3367194E+18	  0.4677634E+20	  0.2815411E+19
  0.308221	  0.1387330E+03	  0.4195980E+01	  0.1925275E+20	  0.3173030E+18	  0.4501775E+20	  0.2818843E+19
  0.308221	  0.1400621E+03	  0.4236181E+01	  0.1827633E+20	  0.2956101E+18	  0.4318822E+20	  0.2824385E+19
  0.308221	  0.1413913E+03	  0.4276382E+01	  0.1744293E+20	  0.2736582E+18	  0.4134016E+20	  0.2830266E+19
  0.308221	  0.1427205E+03	  0.4316583E+01	  0.1656520E+20	  0.2576998E+18	  0.3992388E+20	  0.2831012E+19
  0.308221	  0.1440497E+03	  0.4356784E+01	  0.1653403E+20	  0.2398157E+18	  0.3767017E+20	  0.2833553E+19
  0.308221	  0.1453789E+03	  0.4396985E+01	  0.1649605E+20	  0.2229418E+18	  0.3621589E+20	  0.2835316E+19
  0.308221	  0.1467080E+03	  0.4437186E+01	  0.1604116E+20	  0.2055124E+18	  0.3591542E+20	  0.2837674E+19
  0.308221	  0.1480372E+03	  0.4477387E+01	  0.1500371E+20	  0.1924451E+18	  0.3467314E+20	  0.2836322E+19
  0.308221	  0.1493664E+03	  0.4517588E+01	  0.1423254E+20	  0.1793222E+18	  0.3327360E+20	  0.2835121E+19
  0.308221	  0.1506956E+03	  0.4557789E+01	  0.1347173E+20	  0.1637555E+18	  0.3171925E+20	  0.2836158E+19
  0.308221	  0.1520248E+03	  0.4597990E+01	  0.1298372E+20	  0.1475009E+18	  0.3009341E+20	  0.2837896E+19
  0.308221	  0.1533539E+03	  0.4638191E+01	  0.1263575E+20	  0.1310294E+18	  0.2953445E+20	  0.2839921E+19
  0.308221	  0.1546831E+03	  0.4678392E+01	  0.1212272E+20	  0.1145462E+18	  0.2750057E+20	  0.2842052E+19
  0.308221	  0.1560123E+03	  0.4718593E+01	  0.1159121E+20	  0.9828896E+17	  0.2549427E+20	  0.2844079E+19
  0.308221	  0.1573415E+03	  0.4758794E+01	  0.1077904E+20	  0.8639001E+17	  0.2394760E+20	  0.2842386E+19
  0.308221	  0.1586706E+03	  0.4798995E+01	  0.1051310E+20	  0.7479701E+17	  0.1942338E+20	  0.2840516E+19
  0.308221	  0.1599998E+03	  0.4839196E+01	  0.1012835E+20	  0.6323717E+17	  0.1772432E+20	  0.2838708E+19
  0.308221	  0.1613290E+03	  0.4879397E+01	  0.9862000E+19	  0.5138441E+17	  0.1971564E+20	  0.2837246E+19
  0.308221	  0.1626582E+03	  0.4919598E+01	  0.9505532E+19	  0.3953776E+17	  0.1804801E+20	  0.2835865E+19
  0.308221	  0.1639874E+03	  0.4959799E+01	  0.9035999E+19	  0.2716773E+17	  0.1654700E+20	  0.2835029E+19
  0.308221	  0.1653165E+03	  0.5000000E+01	  0.8584346E+19	  0.1467001E+17	  0.1543200E+20	  0.2834391E+19
