 1.000000          0.7347700
      42        38
  1.0000000e-008
  1.9953000e-008
  3.9811000e-008
  7.9433000e-008
  1.5849000e-007
  3.1623000e-007
  6.3096000e-007
  1.2589000e-006
  2.5119000e-006
  5.0119000e-006
  1.0000000e-005
  1.7000000e-005
  2.7000000e-005
  4.4000000e-005
  7.0000000e-005
  1.0000000e-004
  1.7000000e-004
  2.7000000e-004
  4.4000000e-004
  7.0000000e-004
  1.1000000e-003
  1.8000000e-003
  3.0000000e-003
  4.8000000e-003
  7.7000000e-003
  1.2000000e-002
  2.0000000e-002
  3.2000000e-002
  5.2000000e-002
  8.4000000e-002
  1.4000000e-001
  2.2000000e-001
  3.5000000e-001
  5.7000000e-001
  9.2000000e-001
  1.5000000e+000
  2.4000000e+000
  3.8000000e+000
  6.2000000e+000
  1.0000000e+001
  2.0000000e+001
  4.0000000e+001
  1.0000000e-010
  1.0000000e-009
  1.0000000e-008
  1.0000000e-007
  1.0000000e-006
  1.0000000e-005
  1.0000000e-004
  3.0000000e-004
  1.0000000e-003
  3.0000000e-003
  1.0000000e-002
  3.0000000e-002
  1.0000000e-001
  3.0000000e-001
  3.1538133e-001
  3.3155128e-001
  3.4855027e-001
  3.6642083e-001
  3.8520763e-001
  4.0495764e-001
  4.2572026e-001
  4.4754741e-001
  4.7049366e-001
  4.9461638e-001
  5.1997591e-001
  5.4663564e-001
  5.7466225e-001
  6.0412581e-001
  6.3510000e-001
  6.6766228e-001
  7.0189406e-001
  7.3788093e-001
  7.7571290e-001
  8.1548455e-001
  8.5729534e-001
  9.0124981e-001
  9.4745787e-001
  9.9603508e-001
  4.3955918e-009
  8.7705242e-009
  1.7499290e-008
  5.5542363e-008
  1.1082313e-007
  2.2112323e-007
  4.4119596e-007
  8.8024718e-007
  1.7564622e-006
  3.5235628e-006
  7.2909435e-006
  1.0479853e-005
  1.4366400e-005
  2.3264487e-005
  2.8899311e-005
  4.0686539e-005
  6.7354685e-005
  1.0405110e-004
  1.6366222e-004
  2.4982788e-004
  3.7345888e-004
  5.7103047e-004
  8.6980868e-004
  1.2524039e-003
  1.7566798e-003
  2.3252612e-003
  3.0015401e-003
  3.5120424e-003
  3.8375245e-003
  3.9517111e-003
  3.8763306e-003
  3.6337580e-003
  3.1357214e-003
  2.3932048e-003
  1.6824171e-003
  1.1278178e-003
  7.6138287e-004
  5.1857205e-004
  3.4089522e-004
  2.2109069e-004
  1.1377066e-004
  5.7362522e-005
  4.3955918e-009
  8.7705242e-009
  1.7499290e-008
  5.5542363e-008
  1.1082313e-007
  2.2112323e-007
  4.4119596e-007
  8.8024718e-007
  1.7564622e-006
  3.5235628e-006
  7.2909435e-006
  1.0479853e-005
  1.4366400e-005
  2.3264487e-005
  2.8899311e-005
  4.0686539e-005
  6.7354685e-005
  1.0405110e-004
  1.6366222e-004
  2.4982788e-004
  3.7345888e-004
  5.7103047e-004
  8.6980868e-004
  1.2524039e-003
  1.7566798e-003
  2.3252612e-003
  3.0015401e-003
  3.5120424e-003
  3.8375245e-003
  3.9517111e-003
  3.8763306e-003
  3.6337580e-003
  3.1357214e-003
  2.3932048e-003
  1.6824171e-003
  1.1278178e-003
  7.6138287e-004
  5.1857205e-004
  3.4089522e-004
  2.2109069e-004
  1.1377066e-004
  5.7362522e-005
  4.3955918e-009
  8.7705242e-009
  1.7499290e-008
  5.5542363e-008
  1.1082313e-007
  2.2112323e-007
  4.4119596e-007
  8.8024718e-007
  1.7564622e-006
  3.5235628e-006
  7.2909435e-006
  1.0479853e-005
  1.4366400e-005
  2.3264487e-005
  2.8899311e-005
  4.0686539e-005
  6.7354685e-005
  1.0405110e-004
  1.6366222e-004
  2.4982788e-004
  3.7345888e-004
  5.7103047e-004
  8.6980868e-004
  1.2524039e-003
  1.7566798e-003
  2.3252612e-003
  3.0015401e-003
  3.5120424e-003
  3.8375245e-003
  3.9517111e-003
  3.8763306e-003
  3.6337580e-003
  3.1357214e-003
  2.3932048e-003
  1.6824171e-003
  1.1278178e-003
  7.6138287e-004
  5.1857205e-004
  3.4089522e-004
  2.2109069e-004
  1.1377066e-004
  5.7362522e-005
  4.3955918e-009
  8.7705242e-009
  1.7499290e-008
  5.5542363e-008
  1.1082313e-007
  2.2112323e-007
  4.4119596e-007
  8.8024718e-007
  1.7564622e-006
  3.5235584e-006
  7.2908978e-006
  1.0479630e-005
  1.4366154e-005
  2.3264227e-005
  2.8899311e-005
  4.0686539e-005
  6.7354685e-005
  1.0405110e-004
  1.6366222e-004
  2.4982788e-004
  3.7345888e-004
  5.7103047e-004
  8.6980868e-004
  1.2524039e-003
  1.7566798e-003
  2.3252612e-003
  3.0015401e-003
  3.5120424e-003
  3.8375245e-003
  3.9517111e-003
  3.8763306e-003
  3.6337580e-003
  3.1357214e-003
  2.3932048e-003
  1.6824171e-003
  1.1278178e-003
  7.6138287e-004
  5.1857205e-004
  3.4089522e-004
  2.2109069e-004
  1.1377066e-004
  5.7362522e-005
  4.3949024e-009
  8.7691487e-009
  1.7496546e-008
  5.5531617e-008
  1.1080169e-007
  2.2108044e-007
  4.4111060e-007
  8.8007688e-007
  1.7561223e-006
  3.5228832e-006
  7.2895661e-006
  1.0478328e-005
  1.4365073e-005
  2.3263319e-005
  2.8899311e-005
  4.0686539e-005
  6.7354685e-005
  1.0405110e-004
  1.6366222e-004
  2.4982788e-004
  3.7345888e-004
  5.7103047e-004
  8.6980868e-004
  1.2524039e-003
  1.7566798e-003
  2.3252612e-003
  3.0015401e-003
  3.5120424e-003
  3.8375245e-003
  3.9517111e-003
  3.8763306e-003
  3.6337580e-003
  3.1357214e-003
  2.3932048e-003
  1.6824171e-003
  1.1278178e-003
  7.6138287e-004
  5.1857205e-004
  3.4089522e-004
  2.2109069e-004
  1.1377066e-004
  5.7362522e-005
  4.3915946e-009
  8.7625487e-009
  1.7483377e-008
  5.5480065e-008
  1.1069883e-007
  2.2087521e-007
  4.4070110e-007
  8.7925989e-007
  1.7544921e-006
  3.5196081e-006
  7.2827284e-006
  1.0469686e-005
  1.4355090e-005
  2.3249772e-005
  2.8889016e-005
  4.0677447e-005
  6.7347325e-005
  1.0404565e-004
  1.6366222e-004
  2.4981631e-004
  3.7345888e-004
  5.7103047e-004
  8.6980868e-004
  1.2524039e-003
  1.7566798e-003
  2.3252612e-003
  3.0015401e-003
  3.5120424e-003
  3.8375245e-003
  3.9517111e-003
  3.8763306e-003
  3.6337580e-003
  3.1357214e-003
  2.3932048e-003
  1.6824171e-003
  1.1278178e-003
  7.6138287e-004
  5.1857205e-004
  3.4089522e-004
  2.2109069e-004
  1.1377066e-004
  5.7362522e-005
  4.3793453e-009
  8.7381078e-009
  1.7434612e-008
  5.5289320e-008
  1.1031824e-007
  2.2011581e-007
  4.3918592e-007
  8.7623695e-007
  1.7484599e-006
  3.5074910e-006
  7.2573861e-006
  1.0437229e-005
  1.4315338e-005
  2.3188977e-005
  2.8826661e-005
  4.0598286e-005
  6.7237003e-005
  1.0391838e-004
  1.6352805e-004
  2.4970056e-004
  3.7336219e-004
  5.7095971e-004
  8.6975292e-004
  1.2523591e-003
  1.7566798e-003
  2.3252612e-003
  3.0015401e-003
  3.5120424e-003
  3.8375245e-003
  3.9517111e-003
  3.8763306e-003
  3.6337580e-003
  3.1357214e-003
  2.3932048e-003
  1.6824171e-003
  1.1278178e-003
  7.6138287e-004
  5.1857205e-004
  3.4089522e-004
  2.2109069e-004
  1.1377469e-004
  5.7362522e-005
  4.3667116e-009
  8.7128996e-009
  1.7384315e-008
  5.5092847e-008
  1.0992621e-007
  2.1933361e-007
  4.3762524e-007
  8.7312323e-007
  1.7422465e-006
  3.4949778e-006
  7.2308318e-006
  1.0401188e-005
  1.4267718e-005
  2.3110585e-005
  2.8738767e-005
  4.0484292e-005
  6.7068102e-005
  1.0368594e-004
  1.6322469e-004
  2.4934198e-004
  3.7301698e-004
  5.7060601e-004
  8.6945560e-004
  1.2521354e-003
  1.7564654e-003
  2.3250204e-003
  3.0014195e-003
  3.5120424e-003
  3.8375245e-003
  3.9516297e-003
  3.8763306e-003
  3.6337069e-003
  3.1357214e-003
  2.3932048e-003
  1.6824171e-003
  1.1278405e-003
  7.6144095e-004
  5.1858660e-004
  3.4089909e-004
  2.2109069e-004
  1.1377469e-004
  5.7362522e-005
  4.3552015e-009
  8.6899335e-009
  1.7338493e-008
  5.4914077e-008
  1.0956951e-007
  2.1862190e-007
  4.3620519e-007
  8.7029009e-007
  1.7365931e-006
  3.4836320e-006
  7.2072416e-006
  1.0371575e-005
  1.4232180e-005
  2.3053881e-005
  2.8665784e-005
  4.0358918e-005
  6.6822656e-005
  1.0326471e-004
  1.6255825e-004
  2.4840096e-004
  3.7191378e-004
  5.6926321e-004
  8.6800703e-004
  1.2507488e-003
  1.7552865e-003
  2.3240571e-003
  3.0004544e-003
  3.5110650e-003
  3.8368533e-003
  3.9508972e-003
  3.8756884e-003
  3.6331438e-003
  3.1353412e-003
  2.3932380e-003
  1.6826743e-003
  1.1280223e-003
  7.6155713e-004
  5.1867393e-004
  3.4096107e-004
  2.2113099e-004
  1.1379484e-004
  5.7373806e-005
  4.3743983e-009
  8.7282368e-009
  1.7414917e-008
  5.5212354e-008
  1.1016467e-007
  2.1980940e-007
  4.3857455e-007
  8.7501720e-007
  1.7460259e-006
  3.5025773e-006
  7.2467228e-006
  1.0421108e-005
  1.4287719e-005
  2.3122291e-005
  2.8694577e-005
  4.0343428e-005
  6.6672786e-005
  1.0282760e-004
  1.6150856e-004
  2.4637720e-004
  3.6863094e-004
  5.6457935e-004
  8.6215332e-004
  1.2443633e-003
  1.7488627e-003
  2.3177999e-003
  2.9947870e-003
  3.5058998e-003
  3.8318205e-003
  3.9460954e-003
  3.8711929e-003
  3.6289463e-003
  3.1328066e-003
  2.3936688e-003
  1.6844748e-003
  1.1297489e-003
  7.6283502e-004
  5.1951806e-004
  3.4149948e-004
  2.2149371e-004
  1.1400037e-004
  5.7493093e-005
  5.5495893e-009
  1.1073096e-008
  2.2093470e-008
  7.4707556e-008
  1.4906357e-007
  2.9742395e-007
  5.9343454e-007
  1.1839765e-006
  2.3625515e-006
  4.7412857e-006
  9.8397450e-006
  1.3572435e-005
  1.7862507e-005
  2.8080655e-005
  3.2718194e-005
  4.4748848e-005
  7.1348772e-005
  1.0718389e-004
  1.6469345e-004
  2.4724970e-004
  3.6551724e-004
  5.5459039e-004
  8.4192411e-004
  1.2130814e-003
  1.7071856e-003
  2.2687271e-003
  2.9402723e-003
  3.4488074e-003
  3.7745381e-003
  3.8911323e-003
  3.8209142e-003
  3.5811016e-003
  3.1040426e-003
  2.3990382e-003
  1.7056532e-003
  1.1501741e-003
  7.7811187e-004
  5.3040455e-004
  3.4906041e-004
  2.2672293e-004
  1.1686572e-004
  5.8958392e-005
  7.3075724e-009
  1.4580799e-008
  2.9092176e-008
  1.0925131e-007
  2.1798935e-007
  4.3495123e-007
  8.6783455e-007
  1.7314184e-006
  3.4549960e-006
  6.9451840e-006
  1.4581001e-005
  1.9120032e-005
  2.4309404e-005
  3.8098106e-005
  4.2592920e-005
  5.7766638e-005
  9.0535753e-005
  1.3251828e-004
  1.9591156e-004
  2.8113409e-004
  3.9658619e-004
  5.7329769e-004
  8.3383573e-004
  1.1629812e-003
  1.5925641e-003
  2.0710276e-003
  2.6326436e-003
  3.0551361e-003
  3.3321074e-003
  3.4442789e-003
  3.3940319e-003
  3.2027891e-003
  2.9021303e-003
  2.4663340e-003
  1.9201764e-003
  1.3728821e-003
  9.5500743e-004
  6.5634817e-004
  4.3069858e-004
  2.7822964e-004
  1.4272242e-004
  7.1888167e-005
  4.5874730e-009
  9.1533848e-009
  1.8263189e-008
  5.8564382e-008
  1.1685298e-007
  2.3315450e-007
  4.6520129e-007
  9.2814019e-007
  1.8520315e-006
  3.7087916e-006
  7.5902341e-006
  1.0392046e-005
  1.3276828e-005
  1.9635706e-005
  2.1581138e-005
  2.7780329e-005
  3.9653508e-005
  5.2749677e-005
  6.9725514e-005
  8.9298667e-005
  1.1213998e-004
  1.4190823e-004
  1.7866751e-004
  2.1756867e-004
  2.6082488e-004
  3.0484264e-004
  3.6141940e-004
  4.2502579e-004
  5.1489951e-004
  6.4593439e-004
  8.5729155e-004
  1.1296688e-003
  1.5107732e-003
  2.0116336e-003
  2.5034242e-003
  2.7298642e-003
  2.4662708e-003
  1.9073765e-003
  1.3016248e-003
  8.4665950e-004
  4.3428214e-004
  2.1863497e-004
  3.8193224e-009
  7.6206939e-009
  1.5205104e-008
  4.6826074e-008
  9.3431518e-008
  1.8642198e-007
  3.7195844e-007
  7.4211095e-007
  1.4808162e-006
  2.9631292e-006
  6.0311656e-006
  8.3413495e-006
  1.0619144e-005
  1.5347876e-005
  1.6506658e-005
  2.1328192e-005
  3.0742137e-005
  4.1917660e-005
  5.7199313e-005
  7.5084470e-005
  9.4972609e-005
  1.1761063e-004
  1.3959709e-004
  1.5675479e-004
  1.7127942e-004
  1.8442923e-004
  2.0282617e-004
  2.2728209e-004
  2.6634985e-004
  3.2792069e-004
  4.3499077e-004
  5.8723032e-004
  8.3310929e-004
  1.2433411e-003
  1.8734164e-003
  2.8271933e-003
  4.0078372e-003
  5.0694567e-003
  5.3734472e-003
  4.5857938e-003
  2.7953563e-003
  1.4815743e-003
  3.8193224e-009
  7.6206939e-009
  1.5205104e-008
  4.6826074e-008
  9.3431518e-008
  1.8642198e-007
  3.7195844e-007
  7.4211095e-007
  1.4808162e-006
  2.9631292e-006
  6.0311656e-006
  8.3413495e-006
  1.0619144e-005
  1.5347876e-005
  1.6506658e-005
  2.1328192e-005
  3.0742137e-005
  4.1917660e-005
  5.7199313e-005
  7.5084470e-005
  9.4972609e-005
  1.1761063e-004
  1.3959709e-004
  1.5675479e-004
  1.7127942e-004
  1.8442923e-004
  2.0282617e-004
  2.2728209e-004
  2.6634985e-004
  3.2792069e-004
  4.3499077e-004
  5.8723032e-004
  8.3310929e-004
  1.2433411e-003
  1.8734164e-003
  2.8271933e-003
  4.0078372e-003
  5.0694567e-003
  5.3734472e-003
  4.5857938e-003
  2.7953563e-003
  1.4815743e-003
  3.8193224e-009
  7.6206939e-009
  1.5205104e-008
  4.6826074e-008
  9.3431518e-008
  1.8642198e-007
  3.7195844e-007
  7.4211095e-007
  1.4808162e-006
  2.9631292e-006
  6.0311656e-006
  8.3413495e-006
  1.0619144e-005
  1.5347876e-005
  1.6506658e-005
  2.1328192e-005
  3.0742137e-005
  4.1917660e-005
  5.7199313e-005
  7.5084470e-005
  9.4972609e-005
  1.1761063e-004
  1.3959709e-004
  1.5675479e-004
  1.7127942e-004
  1.8442923e-004
  2.0282617e-004
  2.2728209e-004
  2.6634985e-004
  3.2792069e-004
  4.3499077e-004
  5.8723032e-004
  8.3310929e-004
  1.2433411e-003
  1.8734164e-003
  2.8271933e-003
  4.0078372e-003
  5.0694567e-003
  5.3734472e-003
  4.5857938e-003
  2.7953563e-003
  1.4815743e-003
  3.8193224e-009
  7.6206939e-009
  1.5205104e-008
  4.6826074e-008
  9.3431518e-008
  1.8642198e-007
  3.7195844e-007
  7.4211095e-007
  1.4808162e-006
  2.9631292e-006
  6.0311656e-006
  8.3413495e-006
  1.0619144e-005
  1.5347876e-005
  1.6506658e-005
  2.1328192e-005
  3.0742137e-005
  4.1917660e-005
  5.7199313e-005
  7.5084470e-005
  9.4972609e-005
  1.1761063e-004
  1.3959709e-004
  1.5675479e-004
  1.7127942e-004
  1.8442923e-004
  2.0282617e-004
  2.2728209e-004
  2.6634985e-004
  3.2792069e-004
  4.3499077e-004
  5.8723032e-004
  8.3310929e-004
  1.2433411e-003
  1.8734164e-003
  2.8271933e-003
  4.0078372e-003
  5.0694567e-003
  5.3734472e-003
  4.5857938e-003
  2.7953563e-003
  1.4815743e-003
  3.8193224e-009
  7.6206939e-009
  1.5205104e-008
  4.6826074e-008
  9.3431518e-008
  1.8642198e-007
  3.7195844e-007
  7.4211095e-007
  1.4808162e-006
  2.9631292e-006
  6.0311656e-006
  8.3413495e-006
  1.0619144e-005
  1.5347876e-005
  1.6506658e-005
  2.1328192e-005
  3.0742137e-005
  4.1917660e-005
  5.7199313e-005
  7.5084470e-005
  9.4972609e-005
  1.1761063e-004
  1.3959709e-004
  1.5675479e-004
  1.7127942e-004
  1.8442923e-004
  2.0282617e-004
  2.2728209e-004
  2.6634985e-004
  3.2792069e-004
  4.3499077e-004
  5.8723032e-004
  8.3310929e-004
  1.2433411e-003
  1.8734164e-003
  2.8271933e-003
  4.0078372e-003
  5.0694567e-003
  5.3734472e-003
  4.5857938e-003
  2.7953563e-003
  1.4815743e-003
  3.8193224e-009
  7.6206939e-009
  1.5205104e-008
  4.6826074e-008
  9.3431518e-008
  1.8642198e-007
  3.7195844e-007
  7.4211095e-007
  1.4808162e-006
  2.9631292e-006
  6.0311656e-006
  8.3413495e-006
  1.0619144e-005
  1.5347876e-005
  1.6506658e-005
  2.1328192e-005
  3.0742137e-005
  4.1917660e-005
  5.7199313e-005
  7.5084470e-005
  9.4972609e-005
  1.1761063e-004
  1.3959709e-004
  1.5675479e-004
  1.7127942e-004
  1.8442923e-004
  2.0282617e-004
  2.2728209e-004
  2.6634985e-004
  3.2792069e-004
  4.3499077e-004
  5.8723032e-004
  8.3310929e-004
  1.2433411e-003
  1.8734164e-003
  2.8271933e-003
  4.0078372e-003
  5.0694567e-003
  5.3734472e-003
  4.5857938e-003
  2.7953563e-003
  1.4815743e-003
  3.8193224e-009
  7.6206939e-009
  1.5205104e-008
  4.6826074e-008
  9.3431518e-008
  1.8642198e-007
  3.7195844e-007
  7.4211095e-007
  1.4808162e-006
  2.9631292e-006
  6.0311656e-006
  8.3413495e-006
  1.0619144e-005
  1.5347876e-005
  1.6506658e-005
  2.1328192e-005
  3.0742137e-005
  4.1917660e-005
  5.7199313e-005
  7.5084470e-005
  9.4972609e-005
  1.1761063e-004
  1.3959709e-004
  1.5675479e-004
  1.7127942e-004
  1.8442923e-004
  2.0282617e-004
  2.2728209e-004
  2.6634985e-004
  3.2792069e-004
  4.3499077e-004
  5.8723032e-004
  8.3310929e-004
  1.2433411e-003
  1.8734164e-003
  2.8271933e-003
  4.0078372e-003
  5.0694567e-003
  5.3734472e-003
  4.5857938e-003
  2.7953563e-003
  1.4815743e-003
  3.8193224e-009
  7.6206939e-009
  1.5205104e-008
  4.6826074e-008
  9.3431518e-008
  1.8642198e-007
  3.7195844e-007
  7.4211095e-007
  1.4808162e-006
  2.9631292e-006
  6.0311656e-006
  8.3413495e-006
  1.0619144e-005
  1.5347876e-005
  1.6506658e-005
  2.1328192e-005
  3.0742137e-005
  4.1917660e-005
  5.7199313e-005
  7.5084470e-005
  9.4972609e-005
  1.1761063e-004
  1.3959709e-004
  1.5675479e-004
  1.7127942e-004
  1.8442923e-004
  2.0282617e-004
  2.2728209e-004
  2.6634985e-004
  3.2792069e-004
  4.3499077e-004
  5.8723032e-004
  8.3310929e-004
  1.2433411e-003
  1.8734164e-003
  2.8271933e-003
  4.0078372e-003
  5.0694567e-003
  5.3734472e-003
  4.5857938e-003
  2.7953563e-003
  1.4815743e-003
  3.8193224e-009
  7.6206939e-009
  1.5205104e-008
  4.6826074e-008
  9.3431518e-008
  1.8642198e-007
  3.7195844e-007
  7.4211095e-007
  1.4808162e-006
  2.9631292e-006
  6.0311656e-006
  8.3413495e-006
  1.0619144e-005
  1.5347876e-005
  1.6506658e-005
  2.1328192e-005
  3.0742137e-005
  4.1917660e-005
  5.7199313e-005
  7.5084470e-005
  9.4972609e-005
  1.1761063e-004
  1.3959709e-004
  1.5675479e-004
  1.7127942e-004
  1.8442923e-004
  2.0282617e-004
  2.2728209e-004
  2.6634985e-004
  3.2792069e-004
  4.3499077e-004
  5.8723032e-004
  8.3310929e-004
  1.2433411e-003
  1.8734164e-003
  2.8271933e-003
  4.0078372e-003
  5.0694567e-003
  5.3734472e-003
  4.5857938e-003
  2.7953563e-003
  1.4815743e-003
  3.8193224e-009
  7.6206939e-009
  1.5205104e-008
  4.6826074e-008
  9.3431518e-008
  1.8642198e-007
  3.7195844e-007
  7.4211095e-007
  1.4808162e-006
  2.9631292e-006
  6.0311656e-006
  8.3413495e-006
  1.0619144e-005
  1.5347876e-005
  1.6506658e-005
  2.1328192e-005
  3.0742137e-005
  4.1917660e-005
  5.7199313e-005
  7.5084470e-005
  9.4972609e-005
  1.1761063e-004
  1.3959709e-004
  1.5675479e-004
  1.7127942e-004
  1.8442923e-004
  2.0282617e-004
  2.2728209e-004
  2.6634985e-004
  3.2792069e-004
  4.3499077e-004
  5.8723032e-004
  8.3310929e-004
  1.2433411e-003
  1.8734164e-003
  2.8271933e-003
  4.0078372e-003
  5.0694567e-003
  5.3734472e-003
  4.5857938e-003
  2.7953563e-003
  1.4815743e-003
  3.8193224e-009
  7.6206939e-009
  1.5205104e-008
  4.6826074e-008
  9.3431518e-008
  1.8642198e-007
  3.7195844e-007
  7.4211095e-007
  1.4808162e-006
  2.9631292e-006
  6.0311656e-006
  8.3413495e-006
  1.0619144e-005
  1.5347876e-005
  1.6506658e-005
  2.1328192e-005
  3.0742137e-005
  4.1917660e-005
  5.7199313e-005
  7.5084470e-005
  9.4972609e-005
  1.1761063e-004
  1.3959709e-004
  1.5675479e-004
  1.7127942e-004
  1.8442923e-004
  2.0282617e-004
  2.2728209e-004
  2.6634985e-004
  3.2792069e-004
  4.3499077e-004
  5.8723032e-004
  8.3310929e-004
  1.2433411e-003
  1.8734164e-003
  2.8271933e-003
  4.0078372e-003
  5.0694567e-003
  5.3734472e-003
  4.5857938e-003
  2.7953563e-003
  1.4815743e-003
  3.8193224e-009
  7.6206939e-009
  1.5205104e-008
  4.6826074e-008
  9.3431518e-008
  1.8642198e-007
  3.7195844e-007
  7.4211095e-007
  1.4808162e-006
  2.9631292e-006
  6.0311656e-006
  8.3413495e-006
  1.0619144e-005
  1.5347876e-005
  1.6506658e-005
  2.1328192e-005
  3.0742137e-005
  4.1917660e-005
  5.7199313e-005
  7.5084470e-005
  9.4972609e-005
  1.1761063e-004
  1.3959709e-004
  1.5675479e-004
  1.7127942e-004
  1.8442923e-004
  2.0282617e-004
  2.2728209e-004
  2.6634985e-004
  3.2792069e-004
  4.3499077e-004
  5.8723032e-004
  8.3310929e-004
  1.2433411e-003
  1.8734164e-003
  2.8271933e-003
  4.0078372e-003
  5.0694567e-003
  5.3734472e-003
  4.5857938e-003
  2.7953563e-003
  1.4815743e-003
  3.8193224e-009
  7.6206939e-009
  1.5205104e-008
  4.6826074e-008
  9.3431518e-008
  1.8642198e-007
  3.7195844e-007
  7.4211095e-007
  1.4808162e-006
  2.9631292e-006
  6.0311656e-006
  8.3413495e-006
  1.0619144e-005
  1.5347876e-005
  1.6506658e-005
  2.1328192e-005
  3.0742137e-005
  4.1917660e-005
  5.7199313e-005
  7.5084470e-005
  9.4972609e-005
  1.1761063e-004
  1.3959709e-004
  1.5675479e-004
  1.7127942e-004
  1.8442923e-004
  2.0282617e-004
  2.2728209e-004
  2.6634985e-004
  3.2792069e-004
  4.3499077e-004
  5.8723032e-004
  8.3310929e-004
  1.2433411e-003
  1.8734164e-003
  2.8271933e-003
  4.0078372e-003
  5.0694567e-003
  5.3734472e-003
  4.5857938e-003
  2.7953563e-003
  1.4815743e-003
  3.8193224e-009
  7.6206939e-009
  1.5205104e-008
  4.6826074e-008
  9.3431518e-008
  1.8642198e-007
  3.7195844e-007
  7.4211095e-007
  1.4808162e-006
  2.9631292e-006
  6.0311656e-006
  8.3413495e-006
  1.0619144e-005
  1.5347876e-005
  1.6506658e-005
  2.1328192e-005
  3.0742137e-005
  4.1917660e-005
  5.7199313e-005
  7.5084470e-005
  9.4972609e-005
  1.1761063e-004
  1.3959709e-004
  1.5675479e-004
  1.7127942e-004
  1.8442923e-004
  2.0282617e-004
  2.2728209e-004
  2.6634985e-004
  3.2792069e-004
  4.3499077e-004
  5.8723032e-004
  8.3310929e-004
  1.2433411e-003
  1.8734164e-003
  2.8271933e-003
  4.0078372e-003
  5.0694567e-003
  5.3734472e-003
  4.5857938e-003
  2.7953563e-003
  1.4815743e-003
  3.8193224e-009
  7.6206939e-009
  1.5205104e-008
  4.6826074e-008
  9.3431518e-008
  1.8642198e-007
  3.7195844e-007
  7.4211095e-007
  1.4808162e-006
  2.9631292e-006
  6.0311656e-006
  8.3413495e-006
  1.0619144e-005
  1.5347876e-005
  1.6506658e-005
  2.1328192e-005
  3.0742137e-005
  4.1917660e-005
  5.7199313e-005
  7.5084470e-005
  9.4972609e-005
  1.1761063e-004
  1.3959709e-004
  1.5675479e-004
  1.7127942e-004
  1.8442923e-004
  2.0282617e-004
  2.2728209e-004
  2.6634985e-004
  3.2792069e-004
  4.3499077e-004
  5.8723032e-004
  8.3310929e-004
  1.2433411e-003
  1.8734164e-003
  2.8271933e-003
  4.0078372e-003
  5.0694567e-003
  5.3734472e-003
  4.5857938e-003
  2.7953563e-003
  1.4815743e-003
  3.8193224e-009
  7.6206939e-009
  1.5205104e-008
  4.6826074e-008
  9.3431518e-008
  1.8642198e-007
  3.7195844e-007
  7.4211095e-007
  1.4808162e-006
  2.9631292e-006
  6.0311656e-006
  8.3413495e-006
  1.0619144e-005
  1.5347876e-005
  1.6506658e-005
  2.1328192e-005
  3.0742137e-005
  4.1917660e-005
  5.7199313e-005
  7.5084470e-005
  9.4972609e-005
  1.1761063e-004
  1.3959709e-004
  1.5675479e-004
  1.7127942e-004
  1.8442923e-004
  2.0282617e-004
  2.2728209e-004
  2.6634985e-004
  3.2792069e-004
  4.3499077e-004
  5.8723032e-004
  8.3310929e-004
  1.2433411e-003
  1.8734164e-003
  2.8271933e-003
  4.0078372e-003
  5.0694567e-003
  5.3734472e-003
  4.5857938e-003
  2.7953563e-003
  1.4815743e-003
  3.8193224e-009
  7.6206939e-009
  1.5205104e-008
  4.6826074e-008
  9.3431518e-008
  1.8642198e-007
  3.7195844e-007
  7.4211095e-007
  1.4808162e-006
  2.9631292e-006
  6.0311656e-006
  8.3413495e-006
  1.0619144e-005
  1.5347876e-005
  1.6506658e-005
  2.1328192e-005
  3.0742137e-005
  4.1917660e-005
  5.7199313e-005
  7.5084470e-005
  9.4972609e-005
  1.1761063e-004
  1.3959709e-004
  1.5675479e-004
  1.7127942e-004
  1.8442923e-004
  2.0282617e-004
  2.2728209e-004
  2.6634985e-004
  3.2792069e-004
  4.3499077e-004
  5.8723032e-004
  8.3310929e-004
  1.2433411e-003
  1.8734164e-003
  2.8271933e-003
  4.0078372e-003
  5.0694567e-003
  5.3734472e-003
  4.5857938e-003
  2.7953563e-003
  1.4815743e-003
  3.8193224e-009
  7.6206939e-009
  1.5205104e-008
  4.6826074e-008
  9.3431518e-008
  1.8642198e-007
  3.7195844e-007
  7.4211095e-007
  1.4808162e-006
  2.9631292e-006
  6.0311656e-006
  8.3413495e-006
  1.0619144e-005
  1.5347876e-005
  1.6506658e-005
  2.1328192e-005
  3.0742137e-005
  4.1917660e-005
  5.7199313e-005
  7.5084470e-005
  9.4972609e-005
  1.1761063e-004
  1.3959709e-004
  1.5675479e-004
  1.7127942e-004
  1.8442923e-004
  2.0282617e-004
  2.2728209e-004
  2.6634985e-004
  3.2792069e-004
  4.3499077e-004
  5.8723032e-004
  8.3310929e-004
  1.2433411e-003
  1.8734164e-003
  2.8271933e-003
  4.0078372e-003
  5.0694567e-003
  5.3734472e-003
  4.5857938e-003
  2.7953563e-003
  1.4815743e-003
  3.8193224e-009
  7.6206939e-009
  1.5205104e-008
  4.6826074e-008
  9.3431518e-008
  1.8642198e-007
  3.7195844e-007
  7.4211095e-007
  1.4808162e-006
  2.9631292e-006
  6.0311656e-006
  8.3413495e-006
  1.0619144e-005
  1.5347876e-005
  1.6506658e-005
  2.1328192e-005
  3.0742137e-005
  4.1917660e-005
  5.7199313e-005
  7.5084470e-005
  9.4972609e-005
  1.1761063e-004
  1.3959709e-004
  1.5675479e-004
  1.7127942e-004
  1.8442923e-004
  2.0282617e-004
  2.2728209e-004
  2.6634985e-004
  3.2792069e-004
  4.3499077e-004
  5.8723032e-004
  8.3310929e-004
  1.2433411e-003
  1.8734164e-003
  2.8271933e-003
  4.0078372e-003
  5.0694567e-003
  5.3734472e-003
  4.5857938e-003
  2.7953563e-003
  1.4815743e-003
  3.8193224e-009
  7.6206939e-009
  1.5205104e-008
  4.6826074e-008
  9.3431518e-008
  1.8642198e-007
  3.7195844e-007
  7.4211095e-007
  1.4808162e-006
  2.9631292e-006
  6.0311656e-006
  8.3413495e-006
  1.0619144e-005
  1.5347876e-005
  1.6506658e-005
  2.1328192e-005
  3.0742137e-005
  4.1917660e-005
  5.7199313e-005
  7.5084470e-005
  9.4972609e-005
  1.1761063e-004
  1.3959709e-004
  1.5675479e-004
  1.7127942e-004
  1.8442923e-004
  2.0282617e-004
  2.2728209e-004
  2.6634985e-004
  3.2792069e-004
  4.3499077e-004
  5.8723032e-004
  8.3310929e-004
  1.2433411e-003
  1.8734164e-003
  2.8271933e-003
  4.0078372e-003
  5.0694567e-003
  5.3734472e-003
  4.5857938e-003
  2.7953563e-003
  1.4815743e-003
  3.8193224e-009
  7.6206939e-009
  1.5205104e-008
  4.6826074e-008
  9.3431518e-008
  1.8642198e-007
  3.7195844e-007
  7.4211095e-007
  1.4808162e-006
  2.9631292e-006
  6.0311656e-006
  8.3413495e-006
  1.0619144e-005
  1.5347876e-005
  1.6506658e-005
  2.1328192e-005
  3.0742137e-005
  4.1917660e-005
  5.7199313e-005
  7.5084470e-005
  9.4972609e-005
  1.1761063e-004
  1.3959709e-004
  1.5675479e-004
  1.7127942e-004
  1.8442923e-004
  2.0282617e-004
  2.2728209e-004
  2.6634985e-004
  3.2792069e-004
  4.3499077e-004
  5.8723032e-004
  8.3310929e-004
  1.2433411e-003
  1.8734164e-003
  2.8271933e-003
  4.0078372e-003
  5.0694567e-003
  5.3734472e-003
  4.5857938e-003
  2.7953563e-003
  1.4815743e-003
  3.8193224e-009
  7.6206939e-009
  1.5205104e-008
  4.6826074e-008
  9.3431518e-008
  1.8642198e-007
  3.7195844e-007
  7.4211095e-007
  1.4808162e-006
  2.9631292e-006
  6.0311656e-006
  8.3413495e-006
  1.0619144e-005
  1.5347876e-005
  1.6506658e-005
  2.1328192e-005
  3.0742137e-005
  4.1917660e-005
  5.7199313e-005
  7.5084470e-005
  9.4972609e-005
  1.1761063e-004
  1.3959709e-004
  1.5675479e-004
  1.7127942e-004
  1.8442923e-004
  2.0282617e-004
  2.2728209e-004
  2.6634985e-004
  3.2792069e-004
  4.3499077e-004
  5.8723032e-004
  8.3310929e-004
  1.2433411e-003
  1.8734164e-003
  2.8271933e-003
  4.0078372e-003
  5.0694567e-003
  5.3734472e-003
  4.5857938e-003
  2.7953563e-003
  1.4815743e-003
  3.8193224e-009
  7.6206939e-009
  1.5205104e-008
  4.6826074e-008
  9.3431518e-008
  1.8642198e-007
  3.7195844e-007
  7.4211095e-007
  1.4808162e-006
  2.9631292e-006
  6.0311656e-006
  8.3413495e-006
  1.0619144e-005
  1.5347876e-005
  1.6506658e-005
  2.1328192e-005
  3.0742137e-005
  4.1917660e-005
  5.7199313e-005
  7.5084470e-005
  9.4972609e-005
  1.1761063e-004
  1.3959709e-004
  1.5675479e-004
  1.7127942e-004
  1.8442923e-004
  2.0282617e-004
  2.2728209e-004
  2.6634985e-004
  3.2792069e-004
  4.3499077e-004
  5.8723032e-004
  8.3310929e-004
  1.2433411e-003
  1.8734164e-003
  2.8271933e-003
  4.0078372e-003
  5.0694567e-003
  5.3734472e-003
  4.5857938e-003
  2.7953563e-003
  1.4815743e-003
  3.8193224e-009
  7.6206939e-009
  1.5205104e-008
  4.6826074e-008
  9.3431518e-008
  1.8642198e-007
  3.7195844e-007
  7.4211095e-007
  1.4808162e-006
  2.9631292e-006
  6.0311656e-006
  8.3413495e-006
  1.0619144e-005
  1.5347876e-005
  1.6506658e-005
  2.1328192e-005
  3.0742137e-005
  4.1917660e-005
  5.7199313e-005
  7.5084470e-005
  9.4972609e-005
  1.1761063e-004
  1.3959709e-004
  1.5675479e-004
  1.7127942e-004
  1.8442923e-004
  2.0282617e-004
  2.2728209e-004
  2.6634985e-004
  3.2792069e-004
  4.3499077e-004
  5.8723032e-004
  8.3310929e-004
  1.2433411e-003
  1.8734164e-003
  2.8271933e-003
  4.0078372e-003
  5.0694567e-003
  5.3734472e-003
  4.5857938e-003
  2.7953563e-003
  1.4815743e-003
  3.8193224e-009
  7.6206939e-009
  1.5205104e-008
  4.6826074e-008
  9.3431518e-008
  1.8642198e-007
  3.7195844e-007
  7.4211095e-007
  1.4808162e-006
  2.9631292e-006
  6.0311656e-006
  8.3413495e-006
  1.0619144e-005
  1.5347876e-005
  1.6506658e-005
  2.1328192e-005
  3.0742137e-005
  4.1917660e-005
  5.7199313e-005
  7.5084470e-005
  9.4972609e-005
  1.1761063e-004
  1.3959709e-004
  1.5675479e-004
  1.7127942e-004
  1.8442923e-004
  2.0282617e-004
  2.2728209e-004
  2.6634985e-004
  3.2792069e-004
  4.3499077e-004
  5.8723032e-004
  8.3310929e-004
  1.2433411e-003
  1.8734164e-003
  2.8271933e-003
  4.0078372e-003
  5.0694567e-003
  5.3734472e-003
  4.5857938e-003
  2.7953563e-003
  1.4815743e-003
