 1.000000          0.7347700
      42        38
  1.0000000e-008
  1.9953000e-008
  3.9811000e-008
  7.9433000e-008
  1.5849000e-007
  3.1623000e-007
  6.3096000e-007
  1.2589000e-006
  2.5119000e-006
  5.0119000e-006
  1.0000000e-005
  1.7000000e-005
  2.7000000e-005
  4.4000000e-005
  7.0000000e-005
  1.0000000e-004
  1.7000000e-004
  2.7000000e-004
  4.4000000e-004
  7.0000000e-004
  1.1000000e-003
  1.8000000e-003
  3.0000000e-003
  4.8000000e-003
  7.7000000e-003
  1.2000000e-002
  2.0000000e-002
  3.2000000e-002
  5.2000000e-002
  8.4000000e-002
  1.4000000e-001
  2.2000000e-001
  3.5000000e-001
  5.7000000e-001
  9.2000000e-001
  1.5000000e+000
  2.4000000e+000
  3.8000000e+000
  6.2000000e+000
  1.0000000e+001
  2.0000000e+001
  4.0000000e+001
  1.0000000e-010
  1.0000000e-009
  1.0000000e-008
  1.0000000e-007
  1.0000000e-006
  1.0000000e-005
  1.0000000e-004
  3.0000000e-004
  1.0000000e-003
  3.0000000e-003
  1.0000000e-002
  3.0000000e-002
  1.0000000e-001
  3.0000000e-001
  3.1538133e-001
  3.3155128e-001
  3.4855027e-001
  3.6642083e-001
  3.8520763e-001
  4.0495764e-001
  4.2572026e-001
  4.4754741e-001
  4.7049366e-001
  4.9461638e-001
  5.1997591e-001
  5.4663564e-001
  5.7466225e-001
  6.0412581e-001
  6.3510000e-001
  6.6766228e-001
  7.0189406e-001
  7.3788093e-001
  7.7571290e-001
  8.1548455e-001
  8.5729534e-001
  9.0124981e-001
  9.4745787e-001
  9.9603508e-001
 -6.2978177e+011
 -1.2566036e+012
 -2.5072242e+012
 -6.1715703e+012
 -1.2314002e+013
 -2.4569811e+013
 -4.9022986e+013
 -9.7809459e+013
 -1.9516580e+014
 -3.8465266e+014
 -7.4457268e+014
 -1.0305881e+015
 -1.3209445e+015
 -1.8481844e+015
 -2.2817661e+015
 -2.9683807e+015
 -4.4726640e+015
 -6.5152442e+015
 -9.8260212e+015
 -1.4618854e+016
 -2.1512801e+016
 -3.2563611e+016
 -4.9399666e+016
 -7.1140158e+016
 -9.9707216e+016
 -1.3141415e+017
 -1.6838061e+017
 -1.9567142e+017
 -2.1257343e+017
 -2.1788391e+017
 -2.1275202e+017
 -1.9843003e+017
 -1.6966169e+017
 -1.2709034e+017
 -8.6566760e+016
 -5.5237257e+016
 -3.4958601e+016
 -2.2113535e+016
 -1.3522329e+016
 -8.3653816e+015
 -4.1762603e+015
 -2.0872022e+015
 -6.2978177e+011
 -1.2566036e+012
 -2.5072242e+012
 -6.1715703e+012
 -1.2314002e+013
 -2.4569811e+013
 -4.9022986e+013
 -9.7809459e+013
 -1.9516580e+014
 -3.8465266e+014
 -7.4457268e+014
 -1.0305881e+015
 -1.3209445e+015
 -1.8481844e+015
 -2.2817661e+015
 -2.9683807e+015
 -4.4726640e+015
 -6.5152442e+015
 -9.8260212e+015
 -1.4618854e+016
 -2.1512801e+016
 -3.2563611e+016
 -4.9399666e+016
 -7.1140158e+016
 -9.9707216e+016
 -1.3141415e+017
 -1.6838061e+017
 -1.9567142e+017
 -2.1257343e+017
 -2.1788391e+017
 -2.1275202e+017
 -1.9843003e+017
 -1.6966169e+017
 -1.2709034e+017
 -8.6566760e+016
 -5.5237257e+016
 -3.4958601e+016
 -2.2113535e+016
 -1.3522329e+016
 -8.3653816e+015
 -4.1762603e+015
 -2.0872022e+015
 -6.2976104e+011
 -1.2565622e+012
 -2.5071417e+012
 -6.1713671e+012
 -1.2313597e+013
 -2.4569002e+013
 -4.9021372e+013
 -9.7806240e+013
 -1.9515938e+014
 -3.8464061e+014
 -7.4455281e+014
 -1.0305719e+015
 -1.3209363e+015
 -1.8481823e+015
 -2.2817661e+015
 -2.9683807e+015
 -4.4726640e+015
 -6.5152442e+015
 -9.8260212e+015
 -1.4618854e+016
 -2.1512801e+016
 -3.2563611e+016
 -4.9399666e+016
 -7.1140158e+016
 -9.9707216e+016
 -1.3141415e+017
 -1.6838061e+017
 -1.9567142e+017
 -2.1257343e+017
 -2.1788391e+017
 -2.1275202e+017
 -1.9843003e+017
 -1.6966169e+017
 -1.2709034e+017
 -8.6566760e+016
 -5.5237257e+016
 -3.4958601e+016
 -2.2113535e+016
 -1.3522329e+016
 -8.3653816e+015
 -4.1762603e+015
 -2.0872022e+015
 -6.2786408e+011
 -1.2527772e+012
 -2.4995897e+012
 -6.1527777e+012
 -1.2276506e+013
 -2.4494995e+013
 -4.8873710e+013
 -9.7511628e+013
 -1.9457152e+014
 -3.8353972e+014
 -7.4272974e+014
 -1.0290596e+015
 -1.3200319e+015
 -1.8478089e+015
 -2.2816953e+015
 -2.9683304e+015
 -4.4726640e+015
 -6.5152442e+015
 -9.8260212e+015
 -1.4618854e+016
 -2.1512801e+016
 -3.2563611e+016
 -4.9399666e+016
 -7.1140158e+016
 -9.9707216e+016
 -1.3141415e+017
 -1.6838061e+017
 -1.9567142e+017
 -2.1257343e+017
 -2.1788391e+017
 -2.1275202e+017
 -1.9843003e+017
 -1.6966169e+017
 -1.2709034e+017
 -8.6566760e+016
 -5.5237257e+016
 -3.4958601e+016
 -2.2113535e+016
 -1.3522329e+016
 -8.3653816e+015
 -4.1762603e+015
 -2.0872022e+015
 -5.0500690e+011
 -1.0076403e+012
 -2.0104830e+012
 -4.9486528e+012
 -9.8739409e+012
 -1.9701220e+013
 -3.9308916e+013
 -7.8428186e+013
 -1.5649304e+014
 -3.1182130e+014
 -6.2228623e+014
 -9.2351455e+014
 -1.2523880e+015
 -1.8156278e+015
 -2.2761715e+015
 -2.9654630e+015
 -4.4716479e+015
 -6.5149780e+015
 -9.8258070e+015
 -1.4618854e+016
 -2.1512801e+016
 -3.2563611e+016
 -4.9399666e+016
 -7.1140158e+016
 -9.9707216e+016
 -1.3141415e+017
 -1.6838061e+017
 -1.9567142e+017
 -2.1257343e+017
 -2.1788391e+017
 -2.1275202e+017
 -1.9843003e+017
 -1.6966169e+017
 -1.2709034e+017
 -8.6566760e+016
 -5.5237257e+016
 -3.4958601e+016
 -2.2113535e+016
 -1.3522329e+016
 -8.3653816e+015
 -4.1761350e+015
 -2.0870769e+015
 -2.0928528e+011
 -4.1758691e+011
 -8.3318562e+011
 -2.0504633e+012
 -4.0912453e+012
 -8.1631565e+012
 -1.6287562e+013
 -3.2496544e+013
 -6.4842542e+013
 -1.3178080e+014
 -2.8133724e+014
 -4.8692436e+014
 -7.9213986e+014
 -1.3615581e+015
 -2.0122107e+015
 -2.7831756e+015
 -4.3836646e+015
 -6.4735881e+015
 -9.8082445e+015
 -1.4610560e+016
 -2.1509689e+016
 -3.2561950e+016
 -4.9398320e+016
 -7.1140158e+016
 -9.9707216e+016
 -1.3141415e+017
 -1.6838061e+017
 -1.9567142e+017
 -2.1257343e+017
 -2.1788391e+017
 -2.1275202e+017
 -1.9843003e+017
 -1.6965947e+017
 -1.2709034e+017
 -8.6566760e+016
 -5.5237257e+016
 -3.4957097e+016
 -2.2112344e+016
 -1.3520775e+016
 -8.3635019e+015
 -4.1748819e+015
 -2.0864754e+015
 -1.8715227e+011
 -3.7342492e+011
 -7.4507189e+011
 -1.8324230e+012
 -3.6561942e+012
 -7.2951101e+012
 -1.4555590e+013
 -2.9040958e+013
 -5.7947373e+013
 -1.1662167e+014
 -2.4158585e+014
 -3.9416463e+014
 -6.1205213e+014
 -1.0344146e+015
 -1.5378453e+015
 -2.2181306e+015
 -3.7710756e+015
 -5.9214527e+015
 -9.3790765e+015
 -1.4307706e+016
 -2.1314326e+016
 -3.2456880e+016
 -4.9348928e+016
 -7.1116481e+016
 -9.9694289e+016
 -1.3141415e+017
 -1.6836528e+017
 -1.9566909e+017
 -2.1257343e+017
 -2.1788391e+017
 -2.1275202e+017
 -1.9843003e+017
 -1.6965280e+017
 -1.2707597e+017
 -8.6549420e+016
 -5.5222203e+016
 -3.4946566e+016
 -2.2105915e+016
 -1.3518444e+016
 -8.3647550e+015
 -4.1808968e+015
 -2.0993323e+015
 -1.9038723e+011
 -3.7987963e+011
 -7.5795059e+011
 -1.8628466e+012
 -3.7168978e+012
 -7.4162303e+012
 -1.4797255e+013
 -2.9523125e+013
 -5.8909467e+013
 -1.1832418e+014
 -2.4355056e+014
 -3.9195881e+014
 -6.0007596e+014
 -1.0028463e+015
 -1.4788931e+015
 -2.1349957e+015
 -3.6257083e+015
 -5.6927469e+015
 -9.0724603e+015
 -1.3978747e+016
 -2.1012115e+016
 -3.2212209e+016
 -4.9177016e+016
 -7.1006451e+016
 -9.9629806e+016
 -1.3137236e+017
 -1.6834871e+017
 -1.9565976e+017
 -2.1256981e+017
 -2.1787799e+017
 -2.1274288e+017
 -1.9840172e+017
 -1.6962391e+017
 -1.2705081e+017
 -8.6537860e+016
 -5.5220322e+016
 -3.4951080e+016
 -2.2115678e+016
 -1.3534761e+016
 -8.3910711e+015
 -4.2327759e+015
 -2.1992802e+015
 -2.0398805e+011
 -4.0701735e+011
 -8.1209681e+011
 -1.9947053e+012
 -3.9799925e+012
 -7.9411763e+012
 -1.5844655e+013
 -3.1612874e+013
 -6.3079279e+013
 -1.2634966e+014
 -2.5780997e+014
 -4.0705281e+014
 -6.1088562e+014
 -1.0029780e+015
 -1.4566768e+015
 -2.0853163e+015
 -3.5332502e+015
 -5.5610097e+015
 -8.8911285e+015
 -1.3729879e+016
 -2.0700628e+016
 -3.1862773e+016
 -4.8855144e+016
 -7.0740263e+016
 -9.9422227e+016
 -1.3121487e+017
 -1.6823152e+017
 -1.9557047e+017
 -2.1249743e+017
 -2.1780777e+017
 -2.1267756e+017
 -1.9834449e+017
 -1.6959475e+017
 -1.2705801e+017
 -8.6572576e+016
 -5.5273962e+016
 -3.5029314e+016
 -2.2232367e+016
 -1.3719684e+016
 -8.6805481e+015
 -4.7686083e+015
 -3.0625966e+015
 -1.9311615e+011
 -3.8532466e+011
 -7.6881471e+011
 -1.8903192e+012
 -3.7717132e+012
 -7.5256020e+012
 -1.5015479e+013
 -2.9958519e+013
 -5.9778242e+013
 -1.1960646e+014
 -2.4336727e+014
 -3.8204840e+014
 -5.7243183e+014
 -9.4297673e+014
 -1.3787300e+015
 -1.9816175e+015
 -3.3775585e+015
 -5.3388054e+015
 -8.5793478e+015
 -1.3327591e+016
 -2.0218981e+016
 -3.1305672e+016
 -4.8233926e+016
 -7.0093276e+016
 -9.8807103e+016
 -1.3070017e+017
 -1.6788233e+017
 -1.9534585e+017
 -2.1236499e+017
 -2.1773413e+017
 -2.1263126e+017
 -1.9829662e+017
 -1.6960406e+017
 -1.2724862e+017
 -8.6913847e+016
 -5.5752026e+016
 -3.5707843e+016
 -2.3226126e+016
 -1.5218887e+016
 -1.0825309e+016
 -7.6051623e+015
 -5.2144341e+015
 -1.9666666e+011
 -3.9240898e+011
 -7.8294962e+011
 -2.0532083e+012
 -4.0967310e+012
 -8.1741110e+012
 -1.6309408e+013
 -3.2539916e+013
 -6.4929693e+013
 -1.3027211e+014
 -2.6786334e+014
 -4.1073688e+014
 -6.0216698e+014
 -9.8145443e+014
 -1.3832752e+015
 -1.9714694e+015
 -3.3501388e+015
 -5.2829743e+015
 -8.4669773e+015
 -1.3117953e+016
 -1.9848445e+016
 -3.0687634e+016
 -4.7231196e+016
 -6.8592634e+016
 -9.6858087e+016
 -1.2866579e+017
 -1.6622551e+017
 -1.9423428e+017
 -2.1171177e+017
 -2.1736710e+017
 -2.1236688e+017
 -1.9781041e+017
 -1.6981465e+017
 -1.2945694e+017
 -9.0772209e+016
 -6.1047611e+016
 -4.2755037e+016
 -3.2258382e+016
 -2.5411865e+016
 -1.9715149e+016
 -1.1809871e+016
 -6.2682985e+015
 -3.1591249e+011
 -6.3034018e+011
 -1.2576792e+012
 -3.6628481e+012
 -7.3084451e+012
 -1.4582398e+013
 -2.9095519e+013
 -5.8049591e+013
 -1.1583329e+014
 -2.3159593e+014
 -4.7353699e+014
 -6.6279107e+014
 -8.9473041e+014
 -1.3875213e+015
 -1.7926133e+015
 -2.4672044e+015
 -3.9757965e+015
 -6.0145977e+015
 -9.2700740e+015
 -1.3901530e+016
 -2.0493171e+016
 -3.1043913e+016
 -4.7171886e+016
 -6.8069810e+016
 -9.5812084e+016
 -1.2707246e+017
 -1.6389673e+017
 -1.9135865e+017
 -2.0869188e+017
 -2.1456712e+017
 -2.0890479e+017
 -1.9413321e+017
 -1.7395309e+017
 -1.5003569e+017
 -1.2459480e+017
 -1.0040701e+017
 -7.8787794e+016
 -5.8027942e+016
 -3.8802505e+016
 -2.4980441e+016
 -1.2730435e+016
 -6.3976223e+015
 -1.8158352e+011
 -3.6231360e+011
 -7.2290216e+011
 -1.7977739e+012
 -3.5870609e+012
 -7.1571715e+012
 -1.4280366e+013
 -2.8491806e+013
 -5.6851703e+013
 -1.1340815e+014
 -2.2773518e+014
 -3.4150125e+014
 -4.8251865e+014
 -7.4116127e+014
 -1.0146015e+015
 -1.3839943e+015
 -2.1921026e+015
 -3.2512973e+015
 -4.9096940e+015
 -7.2526857e+015
 -1.0570468e+016
 -1.5786189e+016
 -2.3448862e+016
 -3.2653088e+016
 -4.3219928e+016
 -5.2726067e+016
 -6.0929656e+016
 -6.4945219e+016
 -6.6594904e+016
 -6.7930618e+016
 -7.1085434e+016
 -7.6007739e+016
 -8.2688507e+016
 -9.0072427e+016
 -9.5299258e+016
 -9.3099182e+016
 -7.9144748e+016
 -5.8995154e+016
 -3.9212027e+016
 -2.5106628e+016
 -1.2747002e+016
 -6.3941485e+015
 -5.3822535e+009
 -1.0739210e+010
 -2.1427289e+010
 -5.1175745e+010
 -1.0210977e+011
 -2.0373689e+011
 -4.0650674e+011
 -8.1105471e+011
 -1.6183452e+012
 -3.1443565e+012
 -5.7497185e+012
 -6.8206566e+012
 -6.5483206e+012
 -5.4297241e+012
 -1.6549540e+012
  2.1940028e+012
  1.2101470e+013
  2.6016278e+013
  4.5266199e+013
  6.5745381e+013
  8.5064382e+013
  1.0146446e+014
  1.0877071e+014
  1.0386175e+014
  8.5414806e+013
  5.2272378e+013
 -1.3240519e+013
 -1.1341288e+014
 -2.8163849e+014
 -5.5180833e+014
 -1.0255774e+015
 -1.7037120e+015
 -2.8085415e+015
 -4.6743157e+015
 -7.5608097e+015
 -1.1893927e+016
 -1.7151941e+016
 -2.1801553e+016
 -2.3095515e+016
 -1.9633270e+016
 -1.1878403e+016
 -6.2626151e+015
 -5.3822535e+009
 -1.0739210e+010
 -2.1427289e+010
 -5.1175745e+010
 -1.0210977e+011
 -2.0373689e+011
 -4.0650674e+011
 -8.1105471e+011
 -1.6183452e+012
 -3.1443565e+012
 -5.7497185e+012
 -6.8206566e+012
 -6.5483206e+012
 -5.4297241e+012
 -1.6549540e+012
  2.1940028e+012
  1.2101470e+013
  2.6016278e+013
  4.5266199e+013
  6.5745381e+013
  8.5064382e+013
  1.0146446e+014
  1.0877071e+014
  1.0386175e+014
  8.5414806e+013
  5.2272378e+013
 -1.3240519e+013
 -1.1341288e+014
 -2.8163849e+014
 -5.5180833e+014
 -1.0255774e+015
 -1.7037120e+015
 -2.8085415e+015
 -4.6743157e+015
 -7.5608097e+015
 -1.1893927e+016
 -1.7151941e+016
 -2.1801553e+016
 -2.3095515e+016
 -1.9633270e+016
 -1.1878403e+016
 -6.2626151e+015
 -5.3822535e+009
 -1.0739210e+010
 -2.1427289e+010
 -5.1175745e+010
 -1.0210977e+011
 -2.0373689e+011
 -4.0650674e+011
 -8.1105471e+011
 -1.6183452e+012
 -3.1443565e+012
 -5.7497185e+012
 -6.8206566e+012
 -6.5483206e+012
 -5.4297241e+012
 -1.6549540e+012
  2.1940028e+012
  1.2101470e+013
  2.6016278e+013
  4.5266199e+013
  6.5745381e+013
  8.5064382e+013
  1.0146446e+014
  1.0877071e+014
  1.0386175e+014
  8.5414806e+013
  5.2272378e+013
 -1.3240519e+013
 -1.1341288e+014
 -2.8163849e+014
 -5.5180833e+014
 -1.0255774e+015
 -1.7037120e+015
 -2.8085415e+015
 -4.6743157e+015
 -7.5608097e+015
 -1.1893927e+016
 -1.7151941e+016
 -2.1801553e+016
 -2.3095515e+016
 -1.9633270e+016
 -1.1878403e+016
 -6.2626151e+015
 -5.3822535e+009
 -1.0739210e+010
 -2.1427289e+010
 -5.1175745e+010
 -1.0210977e+011
 -2.0373689e+011
 -4.0650674e+011
 -8.1105471e+011
 -1.6183452e+012
 -3.1443565e+012
 -5.7497185e+012
 -6.8206566e+012
 -6.5483206e+012
 -5.4297241e+012
 -1.6549540e+012
  2.1940028e+012
  1.2101470e+013
  2.6016278e+013
  4.5266199e+013
  6.5745381e+013
  8.5064382e+013
  1.0146446e+014
  1.0877071e+014
  1.0386175e+014
  8.5414806e+013
  5.2272378e+013
 -1.3240519e+013
 -1.1341288e+014
 -2.8163849e+014
 -5.5180833e+014
 -1.0255774e+015
 -1.7037120e+015
 -2.8085415e+015
 -4.6743157e+015
 -7.5608097e+015
 -1.1893927e+016
 -1.7151941e+016
 -2.1801553e+016
 -2.3095515e+016
 -1.9633270e+016
 -1.1878403e+016
 -6.2626151e+015
 -5.3822535e+009
 -1.0739210e+010
 -2.1427289e+010
 -5.1175745e+010
 -1.0210977e+011
 -2.0373689e+011
 -4.0650674e+011
 -8.1105471e+011
 -1.6183452e+012
 -3.1443565e+012
 -5.7497185e+012
 -6.8206566e+012
 -6.5483206e+012
 -5.4297241e+012
 -1.6549540e+012
  2.1940028e+012
  1.2101470e+013
  2.6016278e+013
  4.5266199e+013
  6.5745381e+013
  8.5064382e+013
  1.0146446e+014
  1.0877071e+014
  1.0386175e+014
  8.5414806e+013
  5.2272378e+013
 -1.3240519e+013
 -1.1341288e+014
 -2.8163849e+014
 -5.5180833e+014
 -1.0255774e+015
 -1.7037120e+015
 -2.8085415e+015
 -4.6743157e+015
 -7.5608097e+015
 -1.1893927e+016
 -1.7151941e+016
 -2.1801553e+016
 -2.3095515e+016
 -1.9633270e+016
 -1.1878403e+016
 -6.2626151e+015
 -5.3822535e+009
 -1.0739210e+010
 -2.1427289e+010
 -5.1175745e+010
 -1.0210977e+011
 -2.0373689e+011
 -4.0650674e+011
 -8.1105471e+011
 -1.6183452e+012
 -3.1443565e+012
 -5.7497185e+012
 -6.8206566e+012
 -6.5483206e+012
 -5.4297241e+012
 -1.6549540e+012
  2.1940028e+012
  1.2101470e+013
  2.6016278e+013
  4.5266199e+013
  6.5745381e+013
  8.5064382e+013
  1.0146446e+014
  1.0877071e+014
  1.0386175e+014
  8.5414806e+013
  5.2272378e+013
 -1.3240519e+013
 -1.1341288e+014
 -2.8163849e+014
 -5.5180833e+014
 -1.0255774e+015
 -1.7037120e+015
 -2.8085415e+015
 -4.6743157e+015
 -7.5608097e+015
 -1.1893927e+016
 -1.7151941e+016
 -2.1801553e+016
 -2.3095515e+016
 -1.9633270e+016
 -1.1878403e+016
 -6.2626151e+015
 -5.3822535e+009
 -1.0739210e+010
 -2.1427289e+010
 -5.1175745e+010
 -1.0210977e+011
 -2.0373689e+011
 -4.0650674e+011
 -8.1105471e+011
 -1.6183452e+012
 -3.1443565e+012
 -5.7497185e+012
 -6.8206566e+012
 -6.5483206e+012
 -5.4297241e+012
 -1.6549540e+012
  2.1940028e+012
  1.2101470e+013
  2.6016278e+013
  4.5266199e+013
  6.5745381e+013
  8.5064382e+013
  1.0146446e+014
  1.0877071e+014
  1.0386175e+014
  8.5414806e+013
  5.2272378e+013
 -1.3240519e+013
 -1.1341288e+014
 -2.8163849e+014
 -5.5180833e+014
 -1.0255774e+015
 -1.7037120e+015
 -2.8085415e+015
 -4.6743157e+015
 -7.5608097e+015
 -1.1893927e+016
 -1.7151941e+016
 -2.1801553e+016
 -2.3095515e+016
 -1.9633270e+016
 -1.1878403e+016
 -6.2626151e+015
 -5.3822535e+009
 -1.0739210e+010
 -2.1427289e+010
 -5.1175745e+010
 -1.0210977e+011
 -2.0373689e+011
 -4.0650674e+011
 -8.1105471e+011
 -1.6183452e+012
 -3.1443565e+012
 -5.7497185e+012
 -6.8206566e+012
 -6.5483206e+012
 -5.4297241e+012
 -1.6549540e+012
  2.1940028e+012
  1.2101470e+013
  2.6016278e+013
  4.5266199e+013
  6.5745381e+013
  8.5064382e+013
  1.0146446e+014
  1.0877071e+014
  1.0386175e+014
  8.5414806e+013
  5.2272378e+013
 -1.3240519e+013
 -1.1341288e+014
 -2.8163849e+014
 -5.5180833e+014
 -1.0255774e+015
 -1.7037120e+015
 -2.8085415e+015
 -4.6743157e+015
 -7.5608097e+015
 -1.1893927e+016
 -1.7151941e+016
 -2.1801553e+016
 -2.3095515e+016
 -1.9633270e+016
 -1.1878403e+016
 -6.2626151e+015
 -5.3822535e+009
 -1.0739210e+010
 -2.1427289e+010
 -5.1175745e+010
 -1.0210977e+011
 -2.0373689e+011
 -4.0650674e+011
 -8.1105471e+011
 -1.6183452e+012
 -3.1443565e+012
 -5.7497185e+012
 -6.8206566e+012
 -6.5483206e+012
 -5.4297241e+012
 -1.6549540e+012
  2.1940028e+012
  1.2101470e+013
  2.6016278e+013
  4.5266199e+013
  6.5745381e+013
  8.5064382e+013
  1.0146446e+014
  1.0877071e+014
  1.0386175e+014
  8.5414806e+013
  5.2272378e+013
 -1.3240519e+013
 -1.1341288e+014
 -2.8163849e+014
 -5.5180833e+014
 -1.0255774e+015
 -1.7037120e+015
 -2.8085415e+015
 -4.6743157e+015
 -7.5608097e+015
 -1.1893927e+016
 -1.7151941e+016
 -2.1801553e+016
 -2.3095515e+016
 -1.9633270e+016
 -1.1878403e+016
 -6.2626151e+015
 -5.3822535e+009
 -1.0739210e+010
 -2.1427289e+010
 -5.1175745e+010
 -1.0210977e+011
 -2.0373689e+011
 -4.0650674e+011
 -8.1105471e+011
 -1.6183452e+012
 -3.1443565e+012
 -5.7497185e+012
 -6.8206566e+012
 -6.5483206e+012
 -5.4297241e+012
 -1.6549540e+012
  2.1940028e+012
  1.2101470e+013
  2.6016278e+013
  4.5266199e+013
  6.5745381e+013
  8.5064382e+013
  1.0146446e+014
  1.0877071e+014
  1.0386175e+014
  8.5414806e+013
  5.2272378e+013
 -1.3240519e+013
 -1.1341288e+014
 -2.8163849e+014
 -5.5180833e+014
 -1.0255774e+015
 -1.7037120e+015
 -2.8085415e+015
 -4.6743157e+015
 -7.5608097e+015
 -1.1893927e+016
 -1.7151941e+016
 -2.1801553e+016
 -2.3095515e+016
 -1.9633270e+016
 -1.1878403e+016
 -6.2626151e+015
 -5.3822535e+009
 -1.0739210e+010
 -2.1427289e+010
 -5.1175745e+010
 -1.0210977e+011
 -2.0373689e+011
 -4.0650674e+011
 -8.1105471e+011
 -1.6183452e+012
 -3.1443565e+012
 -5.7497185e+012
 -6.8206566e+012
 -6.5483206e+012
 -5.4297241e+012
 -1.6549540e+012
  2.1940028e+012
  1.2101470e+013
  2.6016278e+013
  4.5266199e+013
  6.5745381e+013
  8.5064382e+013
  1.0146446e+014
  1.0877071e+014
  1.0386175e+014
  8.5414806e+013
  5.2272378e+013
 -1.3240519e+013
 -1.1341288e+014
 -2.8163849e+014
 -5.5180833e+014
 -1.0255774e+015
 -1.7037120e+015
 -2.8085415e+015
 -4.6743157e+015
 -7.5608097e+015
 -1.1893927e+016
 -1.7151941e+016
 -2.1801553e+016
 -2.3095515e+016
 -1.9633270e+016
 -1.1878403e+016
 -6.2626151e+015
 -5.3822535e+009
 -1.0739210e+010
 -2.1427289e+010
 -5.1175745e+010
 -1.0210977e+011
 -2.0373689e+011
 -4.0650674e+011
 -8.1105471e+011
 -1.6183452e+012
 -3.1443565e+012
 -5.7497185e+012
 -6.8206566e+012
 -6.5483206e+012
 -5.4297241e+012
 -1.6549540e+012
  2.1940028e+012
  1.2101470e+013
  2.6016278e+013
  4.5266199e+013
  6.5745381e+013
  8.5064382e+013
  1.0146446e+014
  1.0877071e+014
  1.0386175e+014
  8.5414806e+013
  5.2272378e+013
 -1.3240519e+013
 -1.1341288e+014
 -2.8163849e+014
 -5.5180833e+014
 -1.0255774e+015
 -1.7037120e+015
 -2.8085415e+015
 -4.6743157e+015
 -7.5608097e+015
 -1.1893927e+016
 -1.7151941e+016
 -2.1801553e+016
 -2.3095515e+016
 -1.9633270e+016
 -1.1878403e+016
 -6.2626151e+015
 -5.3822535e+009
 -1.0739210e+010
 -2.1427289e+010
 -5.1175745e+010
 -1.0210977e+011
 -2.0373689e+011
 -4.0650674e+011
 -8.1105471e+011
 -1.6183452e+012
 -3.1443565e+012
 -5.7497185e+012
 -6.8206566e+012
 -6.5483206e+012
 -5.4297241e+012
 -1.6549540e+012
  2.1940028e+012
  1.2101470e+013
  2.6016278e+013
  4.5266199e+013
  6.5745381e+013
  8.5064382e+013
  1.0146446e+014
  1.0877071e+014
  1.0386175e+014
  8.5414806e+013
  5.2272378e+013
 -1.3240519e+013
 -1.1341288e+014
 -2.8163849e+014
 -5.5180833e+014
 -1.0255774e+015
 -1.7037120e+015
 -2.8085415e+015
 -4.6743157e+015
 -7.5608097e+015
 -1.1893927e+016
 -1.7151941e+016
 -2.1801553e+016
 -2.3095515e+016
 -1.9633270e+016
 -1.1878403e+016
 -6.2626151e+015
 -5.3822535e+009
 -1.0739210e+010
 -2.1427289e+010
 -5.1175745e+010
 -1.0210977e+011
 -2.0373689e+011
 -4.0650674e+011
 -8.1105471e+011
 -1.6183452e+012
 -3.1443565e+012
 -5.7497185e+012
 -6.8206566e+012
 -6.5483206e+012
 -5.4297241e+012
 -1.6549540e+012
  2.1940028e+012
  1.2101470e+013
  2.6016278e+013
  4.5266199e+013
  6.5745381e+013
  8.5064382e+013
  1.0146446e+014
  1.0877071e+014
  1.0386175e+014
  8.5414806e+013
  5.2272378e+013
 -1.3240519e+013
 -1.1341288e+014
 -2.8163849e+014
 -5.5180833e+014
 -1.0255774e+015
 -1.7037120e+015
 -2.8085415e+015
 -4.6743157e+015
 -7.5608097e+015
 -1.1893927e+016
 -1.7151941e+016
 -2.1801553e+016
 -2.3095515e+016
 -1.9633270e+016
 -1.1878403e+016
 -6.2626151e+015
 -5.3822535e+009
 -1.0739210e+010
 -2.1427289e+010
 -5.1175745e+010
 -1.0210977e+011
 -2.0373689e+011
 -4.0650674e+011
 -8.1105471e+011
 -1.6183452e+012
 -3.1443565e+012
 -5.7497185e+012
 -6.8206566e+012
 -6.5483206e+012
 -5.4297241e+012
 -1.6549540e+012
  2.1940028e+012
  1.2101470e+013
  2.6016278e+013
  4.5266199e+013
  6.5745381e+013
  8.5064382e+013
  1.0146446e+014
  1.0877071e+014
  1.0386175e+014
  8.5414806e+013
  5.2272378e+013
 -1.3240519e+013
 -1.1341288e+014
 -2.8163849e+014
 -5.5180833e+014
 -1.0255774e+015
 -1.7037120e+015
 -2.8085415e+015
 -4.6743157e+015
 -7.5608097e+015
 -1.1893927e+016
 -1.7151941e+016
 -2.1801553e+016
 -2.3095515e+016
 -1.9633270e+016
 -1.1878403e+016
 -6.2626151e+015
 -5.3822535e+009
 -1.0739210e+010
 -2.1427289e+010
 -5.1175745e+010
 -1.0210977e+011
 -2.0373689e+011
 -4.0650674e+011
 -8.1105471e+011
 -1.6183452e+012
 -3.1443565e+012
 -5.7497185e+012
 -6.8206566e+012
 -6.5483206e+012
 -5.4297241e+012
 -1.6549540e+012
  2.1940028e+012
  1.2101470e+013
  2.6016278e+013
  4.5266199e+013
  6.5745381e+013
  8.5064382e+013
  1.0146446e+014
  1.0877071e+014
  1.0386175e+014
  8.5414806e+013
  5.2272378e+013
 -1.3240519e+013
 -1.1341288e+014
 -2.8163849e+014
 -5.5180833e+014
 -1.0255774e+015
 -1.7037120e+015
 -2.8085415e+015
 -4.6743157e+015
 -7.5608097e+015
 -1.1893927e+016
 -1.7151941e+016
 -2.1801553e+016
 -2.3095515e+016
 -1.9633270e+016
 -1.1878403e+016
 -6.2626151e+015
 -5.3822535e+009
 -1.0739210e+010
 -2.1427289e+010
 -5.1175745e+010
 -1.0210977e+011
 -2.0373689e+011
 -4.0650674e+011
 -8.1105471e+011
 -1.6183452e+012
 -3.1443565e+012
 -5.7497185e+012
 -6.8206566e+012
 -6.5483206e+012
 -5.4297241e+012
 -1.6549540e+012
  2.1940028e+012
  1.2101470e+013
  2.6016278e+013
  4.5266199e+013
  6.5745381e+013
  8.5064382e+013
  1.0146446e+014
  1.0877071e+014
  1.0386175e+014
  8.5414806e+013
  5.2272378e+013
 -1.3240519e+013
 -1.1341288e+014
 -2.8163849e+014
 -5.5180833e+014
 -1.0255774e+015
 -1.7037120e+015
 -2.8085415e+015
 -4.6743157e+015
 -7.5608097e+015
 -1.1893927e+016
 -1.7151941e+016
 -2.1801553e+016
 -2.3095515e+016
 -1.9633270e+016
 -1.1878403e+016
 -6.2626151e+015
 -5.3822535e+009
 -1.0739210e+010
 -2.1427289e+010
 -5.1175745e+010
 -1.0210977e+011
 -2.0373689e+011
 -4.0650674e+011
 -8.1105471e+011
 -1.6183452e+012
 -3.1443565e+012
 -5.7497185e+012
 -6.8206566e+012
 -6.5483206e+012
 -5.4297241e+012
 -1.6549540e+012
  2.1940028e+012
  1.2101470e+013
  2.6016278e+013
  4.5266199e+013
  6.5745381e+013
  8.5064382e+013
  1.0146446e+014
  1.0877071e+014
  1.0386175e+014
  8.5414806e+013
  5.2272378e+013
 -1.3240519e+013
 -1.1341288e+014
 -2.8163849e+014
 -5.5180833e+014
 -1.0255774e+015
 -1.7037120e+015
 -2.8085415e+015
 -4.6743157e+015
 -7.5608097e+015
 -1.1893927e+016
 -1.7151941e+016
 -2.1801553e+016
 -2.3095515e+016
 -1.9633270e+016
 -1.1878403e+016
 -6.2626151e+015
 -5.3822535e+009
 -1.0739210e+010
 -2.1427289e+010
 -5.1175745e+010
 -1.0210977e+011
 -2.0373689e+011
 -4.0650674e+011
 -8.1105471e+011
 -1.6183452e+012
 -3.1443565e+012
 -5.7497185e+012
 -6.8206566e+012
 -6.5483206e+012
 -5.4297241e+012
 -1.6549540e+012
  2.1940028e+012
  1.2101470e+013
  2.6016278e+013
  4.5266199e+013
  6.5745381e+013
  8.5064382e+013
  1.0146446e+014
  1.0877071e+014
  1.0386175e+014
  8.5414806e+013
  5.2272378e+013
 -1.3240519e+013
 -1.1341288e+014
 -2.8163849e+014
 -5.5180833e+014
 -1.0255774e+015
 -1.7037120e+015
 -2.8085415e+015
 -4.6743157e+015
 -7.5608097e+015
 -1.1893927e+016
 -1.7151941e+016
 -2.1801553e+016
 -2.3095515e+016
 -1.9633270e+016
 -1.1878403e+016
 -6.2626151e+015
 -5.3822535e+009
 -1.0739210e+010
 -2.1427289e+010
 -5.1175745e+010
 -1.0210977e+011
 -2.0373689e+011
 -4.0650674e+011
 -8.1105471e+011
 -1.6183452e+012
 -3.1443565e+012
 -5.7497185e+012
 -6.8206566e+012
 -6.5483206e+012
 -5.4297241e+012
 -1.6549540e+012
  2.1940028e+012
  1.2101470e+013
  2.6016278e+013
  4.5266199e+013
  6.5745381e+013
  8.5064382e+013
  1.0146446e+014
  1.0877071e+014
  1.0386175e+014
  8.5414806e+013
  5.2272378e+013
 -1.3240519e+013
 -1.1341288e+014
 -2.8163849e+014
 -5.5180833e+014
 -1.0255774e+015
 -1.7037120e+015
 -2.8085415e+015
 -4.6743157e+015
 -7.5608097e+015
 -1.1893927e+016
 -1.7151941e+016
 -2.1801553e+016
 -2.3095515e+016
 -1.9633270e+016
 -1.1878403e+016
 -6.2626151e+015
 -5.3822535e+009
 -1.0739210e+010
 -2.1427289e+010
 -5.1175745e+010
 -1.0210977e+011
 -2.0373689e+011
 -4.0650674e+011
 -8.1105471e+011
 -1.6183452e+012
 -3.1443565e+012
 -5.7497185e+012
 -6.8206566e+012
 -6.5483206e+012
 -5.4297241e+012
 -1.6549540e+012
  2.1940028e+012
  1.2101470e+013
  2.6016278e+013
  4.5266199e+013
  6.5745381e+013
  8.5064382e+013
  1.0146446e+014
  1.0877071e+014
  1.0386175e+014
  8.5414806e+013
  5.2272378e+013
 -1.3240519e+013
 -1.1341288e+014
 -2.8163849e+014
 -5.5180833e+014
 -1.0255774e+015
 -1.7037120e+015
 -2.8085415e+015
 -4.6743157e+015
 -7.5608097e+015
 -1.1893927e+016
 -1.7151941e+016
 -2.1801553e+016
 -2.3095515e+016
 -1.9633270e+016
 -1.1878403e+016
 -6.2626151e+015
 -5.3822535e+009
 -1.0739210e+010
 -2.1427289e+010
 -5.1175745e+010
 -1.0210977e+011
 -2.0373689e+011
 -4.0650674e+011
 -8.1105471e+011
 -1.6183452e+012
 -3.1443565e+012
 -5.7497185e+012
 -6.8206566e+012
 -6.5483206e+012
 -5.4297241e+012
 -1.6549540e+012
  2.1940028e+012
  1.2101470e+013
  2.6016278e+013
  4.5266199e+013
  6.5745381e+013
  8.5064382e+013
  1.0146446e+014
  1.0877071e+014
  1.0386175e+014
  8.5414806e+013
  5.2272378e+013
 -1.3240519e+013
 -1.1341288e+014
 -2.8163849e+014
 -5.5180833e+014
 -1.0255774e+015
 -1.7037120e+015
 -2.8085415e+015
 -4.6743157e+015
 -7.5608097e+015
 -1.1893927e+016
 -1.7151941e+016
 -2.1801553e+016
 -2.3095515e+016
 -1.9633270e+016
 -1.1878403e+016
 -6.2626151e+015
 -5.3822535e+009
 -1.0739210e+010
 -2.1427289e+010
 -5.1175745e+010
 -1.0210977e+011
 -2.0373689e+011
 -4.0650674e+011
 -8.1105471e+011
 -1.6183452e+012
 -3.1443565e+012
 -5.7497185e+012
 -6.8206566e+012
 -6.5483206e+012
 -5.4297241e+012
 -1.6549540e+012
  2.1940028e+012
  1.2101470e+013
  2.6016278e+013
  4.5266199e+013
  6.5745381e+013
  8.5064382e+013
  1.0146446e+014
  1.0877071e+014
  1.0386175e+014
  8.5414806e+013
  5.2272378e+013
 -1.3240519e+013
 -1.1341288e+014
 -2.8163849e+014
 -5.5180833e+014
 -1.0255774e+015
 -1.7037120e+015
 -2.8085415e+015
 -4.6743157e+015
 -7.5608097e+015
 -1.1893927e+016
 -1.7151941e+016
 -2.1801553e+016
 -2.3095515e+016
 -1.9633270e+016
 -1.1878403e+016
 -6.2626151e+015
 -5.3822535e+009
 -1.0739210e+010
 -2.1427289e+010
 -5.1175745e+010
 -1.0210977e+011
 -2.0373689e+011
 -4.0650674e+011
 -8.1105471e+011
 -1.6183452e+012
 -3.1443565e+012
 -5.7497185e+012
 -6.8206566e+012
 -6.5483206e+012
 -5.4297241e+012
 -1.6549540e+012
  2.1940028e+012
  1.2101470e+013
  2.6016278e+013
  4.5266199e+013
  6.5745381e+013
  8.5064382e+013
  1.0146446e+014
  1.0877071e+014
  1.0386175e+014
  8.5414806e+013
  5.2272378e+013
 -1.3240519e+013
 -1.1341288e+014
 -2.8163849e+014
 -5.5180833e+014
 -1.0255774e+015
 -1.7037120e+015
 -2.8085415e+015
 -4.6743157e+015
 -7.5608097e+015
 -1.1893927e+016
 -1.7151941e+016
 -2.1801553e+016
 -2.3095515e+016
 -1.9633270e+016
 -1.1878403e+016
 -6.2626151e+015
 -5.3822535e+009
 -1.0739210e+010
 -2.1427289e+010
 -5.1175745e+010
 -1.0210977e+011
 -2.0373689e+011
 -4.0650674e+011
 -8.1105471e+011
 -1.6183452e+012
 -3.1443565e+012
 -5.7497185e+012
 -6.8206566e+012
 -6.5483206e+012
 -5.4297241e+012
 -1.6549540e+012
  2.1940028e+012
  1.2101470e+013
  2.6016278e+013
  4.5266199e+013
  6.5745381e+013
  8.5064382e+013
  1.0146446e+014
  1.0877071e+014
  1.0386175e+014
  8.5414806e+013
  5.2272378e+013
 -1.3240519e+013
 -1.1341288e+014
 -2.8163849e+014
 -5.5180833e+014
 -1.0255774e+015
 -1.7037120e+015
 -2.8085415e+015
 -4.6743157e+015
 -7.5608097e+015
 -1.1893927e+016
 -1.7151941e+016
 -2.1801553e+016
 -2.3095515e+016
 -1.9633270e+016
 -1.1878403e+016
 -6.2626151e+015
