*
<r>/<a>	E_r (V/cm)	<a>ePhi/kTe	gamma_i	gamma_e	Q_i	Q_e
  0.308221	 -0.9918992E+02	 -0.3000000E+01	 -0.3548135E+20	  0.2074911E+19	 -0.2718753E+20	  0.2664269E+19
  0.308221	 -0.9786074E+02	 -0.2959799E+01	 -0.3474217E+20	  0.2068744E+19	 -0.2465878E+20	  0.2680399E+19
  0.308221	 -0.9653156E+02	 -0.2919598E+01	 -0.3411499E+20	  0.2067734E+19	 -0.2212761E+20	  0.2692185E+19
  0.308221	 -0.9520239E+02	 -0.2879397E+01	 -0.3350160E+20	  0.2065651E+19	 -0.1987925E+20	  0.2705332E+19
  0.308221	 -0.9387321E+02	 -0.2839196E+01	 -0.3298011E+20	  0.2063499E+19	 -0.1785570E+20	  0.2719090E+19
  0.308221	 -0.9254403E+02	 -0.2798995E+01	 -0.3261045E+20	  0.2061210E+19	 -0.1592975E+20	  0.2733260E+19
  0.308221	 -0.9121485E+02	 -0.2758794E+01	 -0.3253694E+20	  0.2060209E+19	 -0.1414882E+20	  0.2746398E+19
  0.308221	 -0.8988567E+02	 -0.2718593E+01	 -0.3236206E+20	  0.2055650E+19	 -0.1250032E+20	  0.2762698E+19
  0.308221	 -0.8855649E+02	 -0.2678392E+01	 -0.3158924E+20	  0.2047727E+19	 -0.1099436E+20	  0.2782133E+19
  0.308221	 -0.8722732E+02	 -0.2638191E+01	 -0.3083330E+20	  0.2039020E+19	 -0.9829518E+19	  0.2803040E+19
  0.308221	 -0.8589814E+02	 -0.2597990E+01	 -0.3010878E+20	  0.2032005E+19	 -0.8691477E+19	  0.2823411E+19
  0.308221	 -0.8456896E+02	 -0.2557789E+01	 -0.2923570E+20	  0.2025527E+19	 -0.7659482E+19	  0.2843693E+19
  0.308221	 -0.8323978E+02	 -0.2517588E+01	 -0.2832805E+20	  0.2018241E+19	 -0.6678079E+19	  0.2864874E+19
  0.308221	 -0.8191060E+02	 -0.2477387E+01	 -0.2767634E+20	  0.2008977E+19	 -0.5833142E+19	  0.2887788E+19
  0.308221	 -0.8058143E+02	 -0.2437186E+01	 -0.2711436E+20	  0.1998699E+19	 -0.4976818E+19	  0.2911853E+19
  0.308221	 -0.7925225E+02	 -0.2396985E+01	 -0.2622318E+20	  0.1987389E+19	 -0.3615084E+19	  0.2937939E+19
  0.308221	 -0.7792307E+02	 -0.2356784E+01	 -0.2499199E+20	  0.1976101E+19	 -0.1760181E+19	  0.2965052E+19
  0.308221	 -0.7659389E+02	 -0.2316583E+01	 -0.2380230E+20	  0.1964147E+19	 -0.7809997E+17	  0.2993068E+19
  0.308221	 -0.7526471E+02	 -0.2276382E+01	 -0.2267624E+20	  0.1951855E+19	  0.1516440E+19	  0.3021701E+19
  0.308221	 -0.7393554E+02	 -0.2236181E+01	 -0.2183249E+20	  0.1939819E+19	  0.3473080E+19	  0.3050667E+19
  0.308221	 -0.7260636E+02	 -0.2195980E+01	 -0.2107560E+20	  0.1928360E+19	  0.5570800E+19	  0.3079536E+19
  0.308221	 -0.7127718E+02	 -0.2155779E+01	 -0.2028199E+20	  0.1917464E+19	  0.7913646E+19	  0.3108827E+19
  0.308221	 -0.6994800E+02	 -0.2115578E+01	 -0.1955820E+20	  0.1906284E+19	  0.8788946E+19	  0.3139011E+19
  0.308221	 -0.6861882E+02	 -0.2075377E+01	 -0.1884474E+20	  0.1894731E+19	  0.8833594E+19	  0.3170205E+19
  0.308221	 -0.6728964E+02	 -0.2035176E+01	 -0.1807721E+20	  0.1883585E+19	  0.9460342E+19	  0.3201620E+19
  0.308221	 -0.6596047E+02	 -0.1994975E+01	 -0.1713116E+20	  0.1873521E+19	  0.9322853E+19	  0.3232677E+19
  0.308221	 -0.6463129E+02	 -0.1954774E+01	 -0.1635386E+20	  0.1863230E+19	  0.8637893E+19	  0.3264496E+19
  0.308221	 -0.6330211E+02	 -0.1914573E+01	 -0.1564116E+20	  0.1852640E+19	  0.8068368E+19	  0.3297188E+19
  0.308221	 -0.6197293E+02	 -0.1874372E+01	 -0.1498944E+20	  0.1841957E+19	  0.8128896E+19	  0.3330560E+19
  0.308221	 -0.6064375E+02	 -0.1834171E+01	 -0.1369625E+20	  0.1828524E+19	  0.8003157E+19	  0.3366949E+19
  0.308221	 -0.5931458E+02	 -0.1793970E+01	 -0.1256750E+20	  0.1815339E+19	  0.7371846E+19	  0.3403761E+19
  0.308221	 -0.5798540E+02	 -0.1753769E+01	 -0.1154246E+20	  0.1802803E+19	  0.6844876E+19	  0.3440630E+19
  0.308221	 -0.5665622E+02	 -0.1713568E+01	 -0.1053777E+20	  0.1791262E+19	  0.6535282E+19	  0.3477276E+19
  0.308221	 -0.5532704E+02	 -0.1673367E+01	 -0.9541569E+19	  0.1779831E+19	  0.6159735E+19	  0.3514501E+19
  0.308221	 -0.5399786E+02	 -0.1633166E+01	 -0.8590759E+19	  0.1769044E+19	  0.5798540E+19	  0.3551859E+19
  0.308221	 -0.5266868E+02	 -0.1592965E+01	 -0.7693920E+19	  0.1758968E+19	  0.5404473E+19	  0.3589358E+19
  0.308221	 -0.5133951E+02	 -0.1552764E+01	 -0.6790921E+19	  0.1750018E+19	  0.5967932E+19	  0.3626649E+19
  0.308221	 -0.5001033E+02	 -0.1512563E+01	 -0.5947135E+19	  0.1741712E+19	  0.5459652E+19	  0.3664206E+19
  0.308221	 -0.4868115E+02	 -0.1472362E+01	 -0.5176929E+19	  0.1734412E+19	  0.4980009E+19	  0.3701728E+19
  0.308221	 -0.4735197E+02	 -0.1432161E+01	 -0.4485016E+19	  0.1727040E+19	  0.4515114E+19	  0.3740071E+19
  0.308221	 -0.4602279E+02	 -0.1391960E+01	 -0.3849188E+19	  0.1719870E+19	  0.4109023E+19	  0.3779189E+19
  0.308221	 -0.4469362E+02	 -0.1351759E+01	 -0.3267513E+19	  0.1713371E+19	  0.3686398E+19	  0.3818744E+19
  0.308221	 -0.4336444E+02	 -0.1311558E+01	 -0.2847338E+19	  0.1707213E+19	  0.3258901E+19	  0.3859232E+19
  0.308221	 -0.4203526E+02	 -0.1271357E+01	 -0.2535523E+19	  0.1700971E+19	  0.2852642E+19	  0.3901500E+19
  0.308221	 -0.4070608E+02	 -0.1231156E+01	 -0.2245441E+19	  0.1695421E+19	  0.2480696E+19	  0.3944960E+19
  0.308221	 -0.3937690E+02	 -0.1190955E+01	 -0.1999874E+19	  0.1697178E+19	  0.2543055E+19	  0.3999319E+19
  0.308221	 -0.3804772E+02	 -0.1150754E+01	 -0.1873190E+19	  0.1692553E+19	  0.2181091E+19	  0.4046218E+19
  0.308221	 -0.3671855E+02	 -0.1110553E+01	 -0.1753295E+19	  0.1688673E+19	  0.1834963E+19	  0.4095637E+19
  0.308221	 -0.3538937E+02	 -0.1070352E+01	 -0.1630557E+19	  0.1685769E+19	  0.1511771E+19	  0.4148121E+19
  0.308221	 -0.3406019E+02	 -0.1030151E+01	 -0.1515969E+19	  0.1683673E+19	  0.1253186E+19	  0.4204021E+19
  0.308221	 -0.3273101E+02	 -0.9899497E+00	 -0.1430701E+19	  0.1682761E+19	  0.1060926E+19	  0.4264066E+19
  0.308221	 -0.3140183E+02	 -0.9497487E+00	 -0.1351605E+19	  0.1683242E+19	  0.8701842E+18	  0.4328135E+19
  0.308221	 -0.3007266E+02	 -0.9095477E+00	 -0.1263428E+19	  0.1685249E+19	  0.7456330E+18	  0.4397938E+19
  0.308221	 -0.2874348E+02	 -0.8693467E+00	 -0.1169060E+19	  0.1688467E+19	  0.6316329E+18	  0.4470741E+19
  0.308221	 -0.2741430E+02	 -0.8291457E+00	 -0.1087463E+19	  0.1692586E+19	  0.5884374E+18	  0.4547788E+19
  0.308221	 -0.2608512E+02	 -0.7889447E+00	 -0.1015775E+19	  0.1698228E+19	  0.5658630E+18	  0.4628116E+19
  0.308221	 -0.2475594E+02	 -0.7487437E+00	 -0.9367733E+18	  0.1704702E+19	  0.5344497E+18	  0.4711128E+19
  0.308221	 -0.2342677E+02	 -0.7085427E+00	 -0.8618131E+18	  0.1711634E+19	  0.5122731E+18	  0.4797154E+19
  0.308221	 -0.2209759E+02	 -0.6683417E+00	 -0.7953130E+18	  0.1719132E+19	  0.5135779E+18	  0.4885433E+19
  0.308221	 -0.2076841E+02	 -0.6281407E+00	 -0.7309764E+18	  0.1727057E+19	  0.5232787E+18	  0.4978026E+19
  0.308221	 -0.1943923E+02	 -0.5879397E+00	 -0.6734599E+18	  0.1728187E+19	  0.5262087E+18	  0.5066965E+19
  0.308221	 -0.1811005E+02	 -0.5477387E+00	 -0.6194119E+18	  0.1737851E+19	  0.5230322E+18	  0.5170754E+19
  0.308221	 -0.1678087E+02	 -0.5075377E+00	 -0.5688888E+18	  0.1748953E+19	  0.5229804E+18	  0.5281962E+19
  0.308221	 -0.1545170E+02	 -0.4673367E+00	 -0.5223338E+18	  0.1761796E+19	  0.5320748E+18	  0.5401471E+19
  0.308221	 -0.1412252E+02	 -0.4271357E+00	 -0.4798401E+18	  0.1776874E+19	  0.5426343E+18	  0.5530611E+19
  0.308221	 -0.1279334E+02	 -0.3869347E+00	 -0.4384170E+18	  0.1795114E+19	  0.5504626E+18	  0.5672405E+19
  0.308221	 -0.1146416E+02	 -0.3467337E+00	 -0.3958459E+18	  0.1816871E+19	  0.5603394E+18	  0.5829099E+19
  0.308221	 -0.1013498E+02	 -0.3065327E+00	 -0.3571773E+18	  0.1843018E+19	  0.5853060E+18	  0.6004350E+19
  0.308221	 -0.8805805E+01	 -0.2663317E+00	 -0.3178389E+18	  0.1874706E+19	  0.6086722E+18	  0.6203504E+19
  0.308221	 -0.7476627E+01	 -0.2261307E+00	 -0.2760504E+18	  0.1913847E+19	  0.6328348E+18	  0.6434414E+19
  0.308221	 -0.6147449E+01	 -0.1859296E+00	 -0.2334340E+18	  0.1963329E+19	  0.6568968E+18	  0.6709708E+19
  0.308221	 -0.4818271E+01	 -0.1457286E+00	 -0.1903772E+18	  0.2028244E+19	  0.6819785E+18	  0.7051277E+19
  0.308221	 -0.3489093E+01	 -0.1055276E+00	 -0.1473133E+18	  0.2117754E+19	  0.7106620E+18	  0.7493905E+19
  0.308221	 -0.2159915E+01	 -0.6532663E-01	 -0.1052850E+18	  0.2186665E+19	  0.7443502E+18	  0.7815779E+19
  0.308221	 -0.8307363E+00	 -0.2512563E-01	 -0.6164732E+17	  0.2227798E+19	  0.7816040E+18	  0.8175492E+19
  0.308221	  0.4984418E+00	  0.1507538E-01	 -0.1888631E+17	  0.2242194E+19	  0.8152786E+18	  0.8366628E+19
  0.308221	  0.1827620E+01	  0.5527638E-01	  0.2121726E+17	  0.2152654E+19	  0.8370161E+18	  0.7876022E+19
  0.308221	  0.3156798E+01	  0.9547739E-01	  0.6044344E+17	  0.2072182E+19	  0.8597293E+18	  0.7600224E+19
  0.308221	  0.4485976E+01	  0.1356784E+00	  0.9985714E+17	  0.1949437E+19	  0.8757359E+18	  0.7150960E+19
  0.308221	  0.5815154E+01	  0.1758794E+00	  0.1404657E+18	  0.1851255E+19	  0.8904153E+18	  0.6791378E+19
  0.308221	  0.7144333E+01	  0.2160804E+00	  0.1816493E+18	  0.1770534E+19	  0.9095644E+18	  0.6507197E+19
  0.308221	  0.8473511E+01	  0.2562814E+00	  0.2229054E+18	  0.1701309E+19	  0.9326977E+18	  0.6272441E+19
  0.308221	  0.9802689E+01	  0.2964824E+00	  0.2595253E+18	  0.1640181E+19	  0.9547236E+18	  0.6072726E+19
  0.308221	  0.1113187E+02	  0.3366834E+00	  0.2952507E+18	  0.1585127E+19	  0.9791185E+18	  0.5899087E+19
  0.308221	  0.1246105E+02	  0.3768844E+00	  0.3333820E+18	  0.1534646E+19	  0.9866650E+18	  0.5745760E+19
  0.308221	  0.1379022E+02	  0.4170854E+00	  0.3702986E+18	  0.1487890E+19	  0.9876941E+18	  0.5608669E+19
  0.308221	  0.1511940E+02	  0.4572864E+00	  0.4083434E+18	  0.1444191E+19	  0.9955406E+18	  0.5485187E+19
  0.308221	  0.1644858E+02	  0.4974874E+00	  0.4525830E+18	  0.1403137E+19	  0.1002823E+19	  0.5372455E+19
  0.308221	  0.1777776E+02	  0.5376884E+00	  0.5018306E+18	  0.1363579E+19	  0.1001364E+19	  0.5268836E+19
  0.308221	  0.1910694E+02	  0.5778894E+00	  0.5523555E+18	  0.1325500E+19	  0.9935282E+18	  0.5173383E+19
  0.308221	  0.2043611E+02	  0.6180905E+00	  0.6091357E+18	  0.1296150E+19	  0.9949979E+18	  0.5091859E+19
  0.308221	  0.2176529E+02	  0.6582915E+00	  0.6756507E+18	  0.1259871E+19	  0.1006614E+19	  0.5008731E+19
  0.308221	  0.2309447E+02	  0.6984925E+00	  0.7432044E+18	  0.1224097E+19	  0.1023078E+19	  0.4930995E+19
  0.308221	  0.2442365E+02	  0.7386935E+00	  0.8179362E+18	  0.1188566E+19	  0.9998426E+18	  0.4856605E+19
  0.308221	  0.2575283E+02	  0.7788945E+00	  0.8967101E+18	  0.1153480E+19	  0.9664358E+18	  0.4785551E+19
  0.308221	  0.2708200E+02	  0.8190955E+00	  0.9700201E+18	  0.1118978E+19	  0.9420955E+18	  0.4717862E+19
  0.308221	  0.2841118E+02	  0.8592965E+00	  0.1044686E+19	  0.1085290E+19	  0.9064466E+18	  0.4653782E+19
  0.308221	  0.2974036E+02	  0.8994975E+00	  0.1134650E+19	  0.1052192E+19	  0.7881624E+18	  0.4594116E+19
  0.308221	  0.3106954E+02	  0.9396985E+00	  0.1220040E+19	  0.1019870E+19	  0.6464399E+18	  0.4539213E+19
  0.308221	  0.3239872E+02	  0.9798995E+00	  0.1286582E+19	  0.9887715E+18	  0.4422220E+18	  0.4488466E+19
  0.308221	  0.3372790E+02	  0.1020101E+01	  0.1350719E+19	  0.9585189E+18	  0.2218921E+18	  0.4443809E+19
  0.308221	  0.3505707E+02	  0.1060302E+01	  0.1450161E+19	  0.9285810E+18	 -0.4169541E+17	  0.4403366E+19
  0.308221	  0.3638625E+02	  0.1100503E+01	  0.1558207E+19	  0.8994797E+18	 -0.4115659E+18	  0.4366924E+19
  0.308221	  0.3771543E+02	  0.1140704E+01	  0.1659660E+19	  0.8707542E+18	 -0.8022916E+18	  0.4334489E+19
  0.308221	  0.3904461E+02	  0.1180905E+01	  0.1771642E+19	  0.8423512E+18	 -0.1208901E+19	  0.4304637E+19
  0.308221	  0.4037379E+02	  0.1221106E+01	  0.1991068E+19	  0.8075156E+18	 -0.1608513E+19	  0.4271267E+19
  0.308221	  0.4170296E+02	  0.1261307E+01	  0.2296873E+19	  0.7798999E+18	 -0.1536350E+19	  0.4246002E+19
  0.308221	  0.4303214E+02	  0.1301508E+01	  0.2614981E+19	  0.7522924E+18	 -0.1977362E+19	  0.4222529E+19
  0.308221	  0.4436132E+02	  0.1341709E+01	  0.3005492E+19	  0.7255135E+18	 -0.2450846E+19	  0.4200270E+19
  0.308221	  0.4569050E+02	  0.1381910E+01	  0.3605375E+19	  0.6994860E+18	 -0.2917393E+19	  0.4178782E+19
  0.308221	  0.4701968E+02	  0.1422111E+01	  0.4276785E+19	  0.6731729E+18	 -0.3363214E+19	  0.4158758E+19
  0.308221	  0.4834886E+02	  0.1462312E+01	  0.4996614E+19	  0.6470795E+18	 -0.3847642E+19	  0.4139586E+19
  0.308221	  0.4967803E+02	  0.1502513E+01	  0.5816335E+19	  0.6215306E+18	 -0.4357650E+19	  0.4120954E+19
  0.308221	  0.5100721E+02	  0.1542714E+01	  0.6689328E+19	  0.5955578E+18	 -0.4899222E+19	  0.4103655E+19
  0.308221	  0.5233639E+02	  0.1582915E+01	  0.7701408E+19	  0.5690286E+18	 -0.4273139E+19	  0.4087808E+19
  0.308221	  0.5366557E+02	  0.1623116E+01	  0.8665290E+19	  0.5420100E+18	 -0.4678924E+19	  0.4073298E+19
  0.308221	  0.5499475E+02	  0.1663317E+01	  0.9672134E+19	  0.5144817E+18	 -0.5053004E+19	  0.4060115E+19
  0.308221	  0.5632392E+02	  0.1703518E+01	  0.1071486E+20	  0.4864635E+18	 -0.5447954E+19	  0.4048197E+19
  0.308221	  0.5765310E+02	  0.1743719E+01	  0.1180752E+20	  0.4589666E+18	 -0.5725886E+19	  0.4036622E+19
  0.308221	  0.5898228E+02	  0.1783920E+01	  0.1287365E+20	  0.4305990E+18	 -0.6238618E+19	  0.4026571E+19
  0.308221	  0.6031146E+02	  0.1824121E+01	  0.1401772E+20	  0.4018925E+18	 -0.6895009E+19	  0.4017553E+19
  0.308221	  0.6164064E+02	  0.1864322E+01	  0.1539139E+20	  0.3731467E+18	 -0.7137330E+19	  0.4009293E+19
  0.308221	  0.6296982E+02	  0.1904523E+01	  0.1624159E+20	  0.3468889E+18	 -0.7065425E+19	  0.3999578E+19
  0.308221	  0.6429899E+02	  0.1944724E+01	  0.1695285E+20	  0.3217629E+18	 -0.7463446E+19	  0.3989534E+19
  0.308221	  0.6562817E+02	  0.1984925E+01	  0.1772856E+20	  0.2970239E+18	 -0.8215954E+19	  0.3979880E+19
  0.308221	  0.6695735E+02	  0.2025126E+01	  0.1865593E+20	  0.2731715E+18	 -0.8526202E+19	  0.3970044E+19
  0.308221	  0.6828653E+02	  0.2065327E+01	  0.1958392E+20	  0.2488775E+18	 -0.7922388E+19	  0.3961231E+19
  0.308221	  0.6961571E+02	  0.2105528E+01	  0.2032606E+20	  0.2240510E+18	 -0.7863692E+19	  0.3953510E+19
  0.308221	  0.7094488E+02	  0.2145729E+01	  0.2108263E+20	  0.1998731E+18	 -0.7575805E+19	  0.3945919E+19
  0.308221	  0.7227406E+02	  0.2185930E+01	  0.2196446E+20	  0.1765422E+18	 -0.5093626E+19	  0.3938347E+19
  0.308221	  0.7360324E+02	  0.2226131E+01	  0.2285902E+20	  0.1533820E+18	 -0.2788213E+19	  0.3931396E+19
  0.308221	  0.7493242E+02	  0.2266332E+01	  0.2374119E+20	  0.1298178E+18	 -0.6290544E+18	  0.3925328E+19
  0.308221	  0.7626160E+02	  0.2306533E+01	  0.2491020E+20	  0.1063110E+18	  0.1040078E+19	  0.3919810E+19
  0.308221	  0.7759078E+02	  0.2346734E+01	  0.2619175E+20	  0.8339510E+17	  0.2774188E+19	  0.3914217E+19
  0.308221	  0.7891995E+02	  0.2386935E+01	  0.2749288E+20	  0.6157310E+17	  0.4662961E+19	  0.3908065E+19
  0.308221	  0.8024913E+02	  0.2427136E+01	  0.2869317E+20	  0.3938614E+17	  0.6206939E+19	  0.3902945E+19
  0.308221	  0.8157831E+02	  0.2467337E+01	  0.2925892E+20	  0.1974333E+17	  0.7223950E+19	  0.3896829E+19
  0.308221	  0.8290749E+02	  0.2507538E+01	  0.2992176E+20	  0.7839226E+15	  0.8064146E+19	  0.3890463E+19
  0.308221	  0.8423667E+02	  0.2547739E+01	  0.3083115E+20	 -0.1569077E+17	  0.9071018E+19	  0.3882147E+19
  0.308221	  0.8556584E+02	  0.2587940E+01	  0.3182383E+20	 -0.3133108E+17	  0.1013550E+20	  0.3873279E+19
  0.308221	  0.8689502E+02	  0.2628141E+01	  0.3258707E+20	 -0.4620994E+17	  0.1131759E+20	  0.3864070E+19
  0.308221	  0.8822420E+02	  0.2668342E+01	  0.3337889E+20	 -0.6320704E+17	  0.1251263E+20	  0.3857398E+19
  0.308221	  0.8955338E+02	  0.2708543E+01	  0.3420352E+20	 -0.7939125E+17	  0.1405860E+20	  0.3851071E+19
  0.308221	  0.9088256E+02	  0.2748744E+01	  0.3466162E+20	 -0.9296440E+17	  0.1577083E+20	  0.3842723E+19
  0.308221	  0.9221173E+02	  0.2788945E+01	  0.3465434E+20	 -0.1018145E+18	  0.1766820E+20	  0.3830421E+19
  0.308221	  0.9354091E+02	  0.2829146E+01	  0.3497079E+20	 -0.1108964E+18	  0.1966731E+20	  0.3818317E+19
  0.308221	  0.9487009E+02	  0.2869347E+01	  0.3554514E+20	 -0.1205134E+18	  0.2178843E+20	  0.3807009E+19
  0.308221	  0.9619927E+02	  0.2909548E+01	  0.3620284E+20	 -0.1295342E+18	  0.2412934E+20	  0.3795634E+19
  0.308221	  0.9752845E+02	  0.2949749E+01	  0.3688324E+20	 -0.1376476E+18	  0.2673216E+20	  0.3784056E+19
  0.308221	  0.9885763E+02	  0.2989950E+01	  0.3766857E+20	 -0.1492097E+18	  0.2945485E+20	  0.3775724E+19
  0.308221	  0.1001868E+03	  0.3030151E+01	  0.3824037E+20	 -0.1592375E+18	  0.3237794E+20	  0.3766274E+19
  0.308221	  0.1015160E+03	  0.3070352E+01	  0.3751235E+20	 -0.1602763E+18	  0.3569392E+20	  0.3749169E+19
  0.308221	  0.1028452E+03	  0.3110553E+01	  0.3676580E+20	 -0.1595909E+18	  0.3914957E+20	  0.3730773E+19
  0.308221	  0.1041743E+03	  0.3150754E+01	  0.3600136E+20	 -0.1562042E+18	  0.4265162E+20	  0.3710415E+19
  0.308221	  0.1055035E+03	  0.3190955E+01	  0.3603072E+20	 -0.1552366E+18	  0.4418815E+20	  0.3692397E+19
  0.308221	  0.1068327E+03	  0.3231156E+01	  0.3661759E+20	 -0.1565313E+18	  0.4569548E+20	  0.3676622E+19
  0.308221	  0.1081619E+03	  0.3271357E+01	  0.3744457E+20	 -0.1566481E+18	  0.4731911E+20	  0.3660017E+19
  0.308221	  0.1094911E+03	  0.3311558E+01	  0.3688294E+20	 -0.1605131E+18	  0.4942682E+20	  0.3646879E+19
  0.308221	  0.1108202E+03	  0.3351759E+01	  0.3598346E+20	 -0.1608151E+18	  0.5163513E+20	  0.3630967E+19
  0.308221	  0.1121494E+03	  0.3391960E+01	  0.3500071E+20	 -0.1593756E+18	  0.5334121E+20	  0.3613721E+19
  0.308221	  0.1134786E+03	  0.3432161E+01	  0.3416218E+20	 -0.1553589E+18	  0.5478252E+20	  0.3594359E+19
  0.308221	  0.1148078E+03	  0.3472362E+01	  0.3362975E+20	 -0.1473822E+18	  0.5612791E+20	  0.3571676E+19
  0.308221	  0.1161369E+03	  0.3512563E+01	  0.3309926E+20	 -0.1376913E+18	  0.5742632E+20	  0.3547756E+19
  0.308221	  0.1174661E+03	  0.3552764E+01	  0.3284263E+20	 -0.1286319E+18	  0.5864971E+20	  0.3524677E+19
  0.308221	  0.1187953E+03	  0.3592965E+01	  0.3230382E+20	 -0.1300098E+18	  0.5823024E+20	  0.3510876E+19
  0.308221	  0.1201245E+03	  0.3633166E+01	  0.3172906E+20	 -0.1308181E+18	  0.5769970E+20	  0.3496656E+19
  0.308221	  0.1214537E+03	  0.3673367E+01	  0.3114899E+20	 -0.1292606E+18	  0.5725584E+20	  0.3480513E+19
  0.308221	  0.1227828E+03	  0.3713568E+01	  0.3015729E+20	 -0.1234672E+18	  0.5771815E+20	  0.3460933E+19
  0.308221	  0.1241120E+03	  0.3753769E+01	  0.2900392E+20	 -0.1157919E+18	  0.5822827E+20	  0.3439836E+19
  0.308221	  0.1254412E+03	  0.3793970E+01	  0.2758727E+20	 -0.1049071E+18	  0.5883594E+20	  0.3416051E+19
  0.308221	  0.1267704E+03	  0.3834171E+01	  0.2636847E+20	 -0.9660808E+17	  0.5931189E+20	  0.3394667E+19
  0.308221	  0.1280995E+03	  0.3874372E+01	  0.2593954E+20	 -0.9591534E+17	  0.5936882E+20	  0.3380121E+19
  0.308221	  0.1294287E+03	  0.3914573E+01	  0.2553364E+20	 -0.9505339E+17	  0.5886850E+20	  0.3365564E+19
  0.308221	  0.1307579E+03	  0.3954774E+01	  0.2503847E+20	 -0.9401501E+17	  0.5795908E+20	  0.3350987E+19
  0.308221	  0.1320871E+03	  0.3994975E+01	  0.2399571E+20	 -0.8966326E+17	  0.5630466E+20	  0.3333623E+19
  0.308221	  0.1334163E+03	  0.4035176E+01	  0.2286745E+20	 -0.8384178E+17	  0.5461485E+20	  0.3315099E+19
  0.308221	  0.1347454E+03	  0.4075377E+01	  0.2169180E+20	 -0.7906331E+17	  0.5292204E+20	  0.3297613E+19
  0.308221	  0.1360746E+03	  0.4115578E+01	  0.2058468E+20	 -0.7724695E+17	  0.5144949E+20	  0.3282837E+19
  0.308221	  0.1374038E+03	  0.4155779E+01	  0.2005334E+20	 -0.7820877E+17	  0.5040481E+20	  0.3270610E+19
  0.308221	  0.1387330E+03	  0.4195980E+01	  0.1937354E+20	 -0.7683963E+17	  0.5093763E+20	  0.3256458E+19
  0.308221	  0.1400621E+03	  0.4236181E+01	  0.1864991E+20	 -0.7448204E+17	  0.5173141E+20	  0.3241547E+19
  0.308221	  0.1413913E+03	  0.4276382E+01	  0.1803420E+20	 -0.7272902E+17	  0.5149129E+20	  0.3227265E+19
  0.308221	  0.1427205E+03	  0.4316583E+01	  0.1712327E+20	 -0.7303733E+17	  0.4887945E+20	  0.3214910E+19
  0.308221	  0.1440497E+03	  0.4356784E+01	  0.1603287E+20	 -0.7420565E+17	  0.4623901E+20	  0.3203434E+19
  0.308221	  0.1453789E+03	  0.4396985E+01	  0.1515875E+20	 -0.7596218E+17	  0.4343731E+20	  0.3192575E+19
  0.308221	  0.1467080E+03	  0.4437186E+01	  0.1470353E+20	 -0.7774300E+17	  0.4045155E+20	  0.3181834E+19
  0.308221	  0.1480372E+03	  0.4477387E+01	  0.1427053E+20	 -0.7907525E+17	  0.3837463E+20	  0.3170795E+19
  0.308221	  0.1493664E+03	  0.4517588E+01	  0.1373148E+20	 -0.8025514E+17	  0.3671775E+20	  0.3159718E+19
  0.308221	  0.1506956E+03	  0.4557789E+01	  0.1282458E+20	 -0.8250031E+17	  0.3504758E+20	  0.3149671E+19
  0.308221	  0.1520248E+03	  0.4597990E+01	  0.1191383E+20	 -0.8441321E+17	  0.3397187E+20	  0.3139422E+19
  0.308221	  0.1533539E+03	  0.4638191E+01	  0.1127368E+20	 -0.8763826E+17	  0.3440813E+20	  0.3130417E+19
  0.308221	  0.1546831E+03	  0.4678392E+01	  0.1099538E+20	 -0.9268925E+17	  0.3327104E+20	  0.3123104E+19
  0.308221	  0.1560123E+03	  0.4718593E+01	  0.1078099E+20	 -0.9771054E+17	  0.3203485E+20	  0.3115855E+19
  0.308221	  0.1573415E+03	  0.4758794E+01	  0.1028280E+20	 -0.1022260E+18	  0.3078436E+20	  0.3108247E+19
  0.308221	  0.1586706E+03	  0.4798995E+01	  0.9654504E+19	 -0.1060475E+18	  0.2929954E+20	  0.3100113E+19
  0.308221	  0.1599998E+03	  0.4839196E+01	  0.8996873E+19	 -0.1099541E+18	  0.2709208E+20	  0.3092138E+19
  0.308221	  0.1613290E+03	  0.4879397E+01	  0.8537415E+19	 -0.1151424E+18	  0.2484002E+20	  0.3085371E+19
  0.308221	  0.1626582E+03	  0.4919598E+01	  0.8259689E+19	 -0.1210967E+18	  0.2253803E+20	  0.3079359E+19
  0.308221	  0.1639874E+03	  0.4959799E+01	  0.7873286E+19	 -0.1272620E+18	  0.2057048E+20	  0.3073615E+19
  0.308221	  0.1653165E+03	  0.5000000E+01	  0.7523811E+19	 -0.1333319E+18	  0.1879468E+20	  0.3067868E+19
