 1.000000          0.7329800
      42        54
  1.0000000e-008
  1.9953000e-008
  3.9811000e-008
  7.9433000e-008
  1.5849000e-007
  3.1623000e-007
  6.3096000e-007
  1.2589000e-006
  2.5119000e-006
  5.0119000e-006
  1.0000000e-005
  1.7000000e-005
  2.7000000e-005
  4.4000000e-005
  7.0000000e-005
  1.0000000e-004
  1.7000000e-004
  2.7000000e-004
  4.4000000e-004
  7.0000000e-004
  1.1000000e-003
  1.8000000e-003
  3.0000000e-003
  4.8000000e-003
  7.7000000e-003
  1.2000000e-002
  2.0000000e-002
  3.2000000e-002
  5.2000000e-002
  8.4000000e-002
  1.4000000e-001
  2.2000000e-001
  3.5000000e-001
  5.7000000e-001
  9.2000000e-001
  1.5000000e+000
  2.4000000e+000
  3.8000000e+000
  6.2000000e+000
  1.0000000e+001
  2.0000000e+001
  4.0000000e+001
  1.0000000e-010
  1.0000000e-009
  1.0000000e-008
  1.0000000e-007
  1.0000000e-006
  1.0000000e-005
  1.0000000e-004
  3.0000000e-004
  1.0000000e-003
  3.0000000e-003
  1.0000000e-002
  1.5000000e-002
  2.0000000e-002
  2.5000000e-002
  3.0000000e-002
  3.5000000e-002
  4.0000000e-002
  4.5000000e-002
  5.0000000e-002
  5.5000000e-002
  6.0000000e-002
  6.5000000e-002
  7.0000000e-002
  7.5000000e-002
  8.0000000e-002
  8.5000000e-002
  9.0000000e-002
  9.5000000e-002
  1.0000000e-001
  3.0000000e-001
  3.1538133e-001
  3.3155128e-001
  3.4855027e-001
  3.6642083e-001
  3.8520763e-001
  4.0495764e-001
  4.2572026e-001
  4.4754741e-001
  4.7049366e-001
  4.9461638e-001
  5.1997591e-001
  5.4663564e-001
  5.7466225e-001
  6.0412581e-001
  6.3510000e-001
  6.6766228e-001
  7.0189406e-001
  7.3788093e-001
  7.7571290e-001
  8.1548455e-001
  8.5729534e-001
  9.0124981e-001
  9.4745787e-001
  9.9603508e-001
  7.0493578e+040
  3.5329814e+040
  1.7707060e+040
  1.1443266e+040
  5.7352406e+039
  2.8744306e+039
  1.4406300e+039
  7.2203090e+038
  3.6187516e+038
  1.8198121e+038
  9.3265921e+037
  5.1442507e+037
  3.1002914e+037
  1.9945118e+037
  1.1861683e+037
  8.8468853e+036
  5.9865726e+036
  4.5547219e+036
  3.7740820e+036
  3.5621735e+036
  3.7897069e+036
  4.5352411e+036
  5.8724285e+036
  7.5383777e+036
  9.4159367e+036
  1.1059239e+037
  1.2470543e+037
  1.3204040e+037
  1.3455134e+037
  1.3062618e+037
  1.2622948e+037
  1.1796109e+037
  1.0049359e+037
  7.5181186e+036
  5.1227558e+036
  3.2728057e+036
  2.0748002e+036
  1.3133928e+036
  7.9665755e+035
  4.7732575e+035
  2.1430817e+035
  6.5083236e+028
  7.0491630e+040
  3.5328838e+040
  1.7706571e+040
  1.1442950e+040
  5.7350821e+039
  2.8743512e+039
  1.4405902e+039
  7.2201095e+038
  3.6186516e+038
  1.8197627e+038
  9.3263653e+037
  5.1441777e+037
  3.1002751e+037
  1.9945118e+037
  1.1861683e+037
  8.8468853e+036
  5.9865726e+036
  4.5547219e+036
  3.7740820e+036
  3.5621735e+036
  3.7897069e+036
  4.5352411e+036
  5.8724285e+036
  7.5383777e+036
  9.4159367e+036
  1.1059239e+037
  1.2470543e+037
  1.3204040e+037
  1.3455134e+037
  1.3062618e+037
  1.2622948e+037
  1.1796109e+037
  1.0049359e+037
  7.5181186e+036
  5.1227558e+036
  3.2728057e+036
  2.0748002e+036
  1.3133928e+036
  7.9665755e+035
  4.7732575e+035
  2.1430817e+035
  6.5083236e+028
  1.5421882e+040
  1.5421882e+040
  1.2535349e+040
  8.4598987e+039
  5.1807468e+039
  2.8249911e+039
  1.4405902e+039
  7.2201095e+038
  3.6186516e+038
  1.8197626e+038
  9.3263597e+037
  5.1441656e+037
  3.1002629e+037
  1.9945061e+037
  1.1861683e+037
  8.8468853e+036
  5.9865726e+036
  4.5547219e+036
  3.7740820e+036
  3.5621735e+036
  3.7897069e+036
  4.5352411e+036
  5.8724285e+036
  7.5383777e+036
  9.4159367e+036
  1.1059239e+037
  1.2470543e+037
  1.3204040e+037
  1.3455134e+037
  1.3062618e+037
  1.2622948e+037
  1.1796109e+037
  1.0049359e+037
  7.5181186e+036
  5.1227558e+036
  3.2728057e+036
  2.0748002e+036
  1.3133928e+036
  7.9665755e+035
  4.7732575e+035
  2.1430817e+035
  6.5083236e+028
  3.4467240e+038
  6.8772485e+038
  1.1153436e+039
  1.3448673e+039
  1.4225181e+039
  1.2714428e+039
  9.6171856e+038
  6.1971172e+038
  3.4926243e+038
  1.8167344e+038
  9.3119657e+037
  5.1385531e+037
  3.0984606e+037
  1.9940922e+037
  1.1861099e+037
  8.8468853e+036
  5.9863778e+036
  4.5547219e+036
  3.7740820e+036
  3.5621735e+036
  3.7897069e+036
  4.5352411e+036
  5.8724285e+036
  7.5383777e+036
  9.4159367e+036
  1.1059239e+037
  1.2470543e+037
  1.3204040e+037
  1.3455134e+037
  1.3062618e+037
  1.2622948e+037
  1.1796109e+037
  1.0049359e+037
  7.5181186e+036
  5.1227558e+036
  3.2728057e+036
  2.0748002e+036
  1.3133928e+036
  7.9665755e+035
  4.7732575e+035
  2.1430817e+035
  6.5083236e+028
  3.1957995e+036
  6.3765787e+036
  1.2722797e+037
  3.1646259e+037
  5.6151541e+037
  8.7140924e+037
  1.1520508e+038
  1.2889438e+038
  1.2186002e+038
  9.8119781e+037
  6.8820231e+037
  4.5391212e+037
  2.9574218e+037
  1.9559546e+037
  1.1819581e+037
  8.8316728e+036
  5.9830615e+036
  4.5537478e+036
  3.7738287e+036
  3.5621151e+036
  3.7896679e+036
  4.5352216e+036
  5.8724285e+036
  7.5383777e+036
  9.4159367e+036
  1.1059239e+037
  1.2470543e+037
  1.3204040e+037
  1.3455134e+037
  1.3062618e+037
  1.2622948e+037
  1.1796109e+037
  1.0049359e+037
  7.5181186e+036
  5.1227558e+036
  3.2728057e+036
  2.0748002e+036
  1.3133928e+036
  7.9665755e+035
  4.7732575e+035
  2.1430817e+035
  6.5083236e+028
  5.0938242e+034
  1.0163707e+035
  2.0279024e+035
  5.2172799e+035
  1.0409845e+036
  2.0770242e+036
  4.0730450e+036
  7.4696325e+036
  1.2197987e+037
  1.6740518e+037
  1.9243498e+037
  1.8302821e+037
  1.5874117e+037
  1.2917171e+037
  9.8333237e+036
  7.8928813e+036
  5.7094095e+036
  4.4682656e+036
  3.7497158e+036
  3.5549254e+036
  3.7874642e+036
  4.5345982e+036
  5.8723806e+036
  7.5383777e+036
  9.4159367e+036
  1.1059239e+037
  1.2470543e+037
  1.3204040e+037
  1.3455134e+037
  1.3062618e+037
  1.2622948e+037
  1.1796109e+037
  1.0049359e+037
  7.5181186e+036
  5.1227558e+036
  3.2728057e+036
  2.0748002e+036
  1.3133928e+036
  7.9665755e+035
  4.7732575e+035
  2.1430817e+035
  6.5083236e+028
  6.2103356e+033
  1.2391483e+034
  2.4723967e+034
  6.3604824e+034
  1.2690834e+035
  2.5321386e+035
  5.0522708e+035
  1.0080607e+036
  2.0113554e+036
  3.4421843e+036
  4.9363939e+036
  5.2686001e+036
  4.9940521e+036
  4.4479952e+036
  3.8940462e+036
  3.5953181e+036
  3.3103148e+036
  3.1964004e+036
  3.1679338e+036
  3.2959221e+036
  3.6755138e+036
  4.4921034e+036
  5.8574731e+036
  7.5328420e+036
  9.4139693e+036
  1.1058458e+037
  1.2470129e+037
  1.3203845e+037
  1.3455134e+037
  1.3062618e+037
  1.2622948e+037
  1.1796109e+037
  1.0049359e+037
  7.5181186e+036
  5.1227558e+036
  3.2728057e+036
  2.0748002e+036
  1.3133928e+036
  7.9665755e+035
  4.7732575e+035
  2.1430817e+035
  6.5083236e+028
  2.6060461e+033
  5.1998437e+033
  1.0374930e+034
  2.6688214e+034
  5.3250001e+034
  1.0624706e+035
  2.1199034e+035
  4.2297641e+035
  8.4395305e+035
  1.4608621e+036
  2.1441530e+036
  2.4220193e+036
  2.4853921e+036
  2.4562848e+036
  2.4332460e+036
  2.4332233e+036
  2.3678542e+036
  2.3881584e+036
  2.5559103e+036
  2.9021962e+036
  3.4552652e+036
  4.3856441e+036
  5.8093458e+036
  7.5099653e+036
  9.4033440e+036
  1.1053738e+037
  1.2468443e+037
  1.3203598e+037
  1.3455495e+037
  1.3062958e+037
  1.2622939e+037
  1.1796109e+037
  1.0049359e+037
  7.5181186e+036
  5.1227558e+036
  3.2728057e+036
  2.0748002e+036
  1.3133928e+036
  7.9665755e+035
  4.7732575e+035
  2.1430817e+035
  6.5083236e+028
  6.7458247e+032
  1.3459944e+033
  2.6855803e+033
  6.9050103e+033
  1.3777311e+034
  2.7489180e+034
  5.4848017e+034
  1.0943618e+035
  2.1835500e+035
  3.9410727e+035
  6.2271559e+035
  8.1361501e+035
  9.6431116e+035
  1.0970877e+036
  1.2294079e+036
  1.3794521e+036
  1.5802786e+036
  1.7995606e+036
  2.1060304e+036
  2.5275217e+036
  3.1438091e+036
  4.1553796e+036
  5.6646400e+036
  7.4260385e+036
  9.3593246e+036
  1.1031971e+037
  1.2460722e+037
  1.3202016e+037
  1.3456521e+037
  1.3064270e+037
  1.2622950e+037
  1.1796109e+037
  1.0049359e+037
  7.5181186e+036
  5.1227558e+036
  3.2728057e+036
  2.0748002e+036
  1.3133928e+036
  7.9665755e+035
  4.7732575e+035
  2.1430817e+035
  6.5083236e+028
  1.5244650e+032
  3.0417649e+032
  6.0690474e+032
  1.5569624e+033
  3.1065496e+033
  6.1983448e+033
  1.2367299e+034
  2.4675984e+034
  4.9235357e+034
  9.2783923e+034
  1.6024851e+035
  2.4499261e+035
  3.4646197e+035
  4.6729095e+035
  6.0251597e+035
  7.4038057e+035
  9.8797139e+035
  1.2748309e+036
  1.6792564e+036
  2.2001842e+036
  2.8929156e+036
  3.9474718e+036
  5.4674714e+036
  7.2457066e+036
  9.2245252e+036
  1.0956179e+037
  1.2444640e+037
  1.3220857e+037
  1.3494947e+037
  1.3106009e+037
  1.2623350e+037
  1.1796109e+037
  1.0049359e+037
  7.5181186e+036
  5.1227558e+036
  3.2728057e+036
  2.0748002e+036
  1.3133928e+036
  7.9665755e+035
  4.7732575e+035
  2.1430817e+035
  6.5083236e+028
  8.7816296e+031
  1.7521985e+032
  3.4960545e+032
  8.9569345e+032
  1.7871451e+033
  3.5658052e+033
  7.1147010e+033
  1.4195641e+034
  2.8324289e+034
  5.3070109e+034
  9.1381791e+034
  1.3694064e+035
  1.9324516e+035
  2.6750090e+035
  3.5184866e+035
  4.5061155e+035
  6.5900370e+035
  9.2616647e+035
  1.3329847e+036
  1.8825293e+036
  2.6172252e+036
  3.7040102e+036
  5.2341311e+036
  7.0558531e+036
  9.1635789e+036
  1.1072265e+037
  1.2760291e+037
  1.3671722e+037
  1.4032274e+037
  1.3621721e+037
  1.2628120e+037
  1.1796109e+037
  1.0049359e+037
  7.5181186e+036
  5.1227558e+036
  3.2728057e+036
  2.0748002e+036
  1.3133928e+036
  7.9665755e+035
  4.7732575e+035
  2.1430817e+035
  6.5083236e+028
  1.1458278e+032
  2.2862702e+032
  4.5616551e+032
  1.1723459e+033
  2.3391399e+033
  4.6671739e+033
  9.3122155e+033
  1.8580240e+034
  3.7072803e+034
  6.8914569e+034
  1.1656239e+035
  1.6845075e+035
  2.2700832e+035
  2.9974270e+035
  3.7880884e+035
  4.6947409e+035
  6.6099915e+035
  9.0952214e+035
  1.2933121e+036
  1.8225701e+036
  2.5548106e+036
  3.6868365e+036
  5.3324644e+036
  7.3055622e+036
  9.5743287e+036
  1.1613507e+037
  1.3421891e+037
  1.4424445e+037
  1.4860961e+037
  1.4397486e+037
  1.2634962e+037
  1.1796111e+037
  1.0049359e+037
  7.5181186e+036
  5.1227558e+036
  3.2728057e+036
  2.0748002e+036
  1.3133928e+036
  7.9665755e+035
  4.7732575e+035
  2.1430817e+035
  6.5083236e+028
  2.0257055e+032
  4.0418902e+032
  8.0645362e+032
  2.0783136e+033
  4.1467839e+033
  8.2738756e+033
  1.6508517e+034
  3.2938748e+034
  6.5721948e+034
  1.1986932e+035
  1.9468626e+035
  2.6404793e+035
  3.3065778e+035
  4.0571148e+035
  4.8478266e+035
  5.7659730e+035
  7.7465674e+035
  1.0384302e+036
  1.4559336e+036
  2.0418225e+036
  2.8570478e+036
  4.1144832e+036
  5.9267193e+036
  8.0713221e+036
  1.0493957e+037
  1.2632150e+037
  1.4499528e+037
  1.5528306e+037
  1.5977962e+037
  1.5372088e+037
  1.2643165e+037
  1.1796112e+037
  1.0049359e+037
  7.5181186e+036
  5.1227558e+036
  3.2728057e+036
  2.0748002e+036
  1.3133928e+036
  7.9665755e+035
  4.7732575e+035
  2.1430817e+035
  6.5083236e+028
  4.1120413e+031
  8.2047560e+031
  1.6370448e+032
  4.2925404e+032
  8.5647748e+032
  1.7088936e+033
  3.4096805e+033
  6.8031000e+033
  1.3574286e+034
  2.6172303e+034
  4.8457625e+034
  7.6428161e+034
  1.1622661e+035
  1.7961681e+035
  2.5093872e+035
  3.4830951e+035
  5.6449159e+035
  8.5465991e+035
  1.3142365e+036
  1.9608087e+036
  2.8631420e+036
  4.2534382e+036
  6.2514661e+036
  8.6160680e+036
  1.1294687e+037
  1.3660255e+037
  1.5718522e+037
  1.6854409e+037
  1.7380750e+037
  1.6634304e+037
  1.2654544e+037
  1.1796115e+037
  1.0049359e+037
  7.5181186e+036
  5.1227558e+036
  3.2728057e+036
  2.0748002e+036
  1.3133928e+036
  7.9665755e+035
  4.7732575e+035
  2.1430817e+035
  6.5083236e+028
  4.6379482e+031
  9.2540981e+031
  1.8464136e+032
  4.8713737e+032
  9.7197068e+032
  1.9393329e+033
  3.8694655e+033
  7.7204663e+033
  1.5404743e+034
  2.9771275e+034
  5.5336273e+034
  8.6879577e+034
  1.3137324e+035
  2.0162791e+035
  2.7947251e+035
  3.8643610e+035
  6.2401627e+035
  9.4379693e+035
  1.4518848e+036
  2.1688459e+036
  3.1714532e+036
  4.7195629e+036
  6.9526326e+036
  9.6011692e+036
  1.2600233e+037
  1.5243198e+037
  1.7534636e+037
  1.8794062e+037
  1.9380796e+037
  1.8364246e+037
  1.2670982e+037
  1.1796120e+037
  1.0049359e+037
  7.5181186e+036
  5.1227558e+036
  3.2728057e+036
  2.0748002e+036
  1.3133928e+036
  7.9665755e+035
  4.7732575e+035
  2.1430817e+035
  6.5083236e+028
  5.3597286e+031
  1.0694266e+032
  2.1337615e+032
  5.6160134e+032
  1.1205462e+033
  2.2357793e+033
  4.4609521e+033
  8.9006225e+033
  1.7759510e+034
  3.4323739e+034
  6.3648652e+034
  9.9802965e+034
  1.5056416e+035
  2.2966354e+035
  3.1795979e+035
  4.3902459e+035
  7.0784294e+035
  1.0703469e+036
  1.6479760e+036
  2.4648838e+036
  3.6084345e+036
  5.3732951e+036
  7.9122788e+036
  1.0909715e+037
  1.4277774e+037
  1.7227700e+037
  1.9793765e+037
  2.1227306e+037
  2.1866753e+037
  2.0573913e+037
  1.2694771e+037
  1.1796127e+037
  1.0049359e+037
  7.5181186e+036
  5.1227558e+036
  3.2728057e+036
  2.0748002e+036
  1.3133928e+036
  7.9665755e+035
  4.7732575e+035
  2.1430817e+035
  6.5083236e+028
  6.0500481e+031
  1.2071661e+032
  2.4085846e+032
  6.2653538e+032
  1.2501062e+033
  2.4942831e+033
  4.9767347e+033
  9.9297583e+033
  1.9812878e+034
  3.8254474e+034
  7.0487774e+034
  1.1157686e+035
  1.6981812e+035
  2.5936577e+035
  3.6251775e+035
  5.0259298e+035
  8.1477913e+035
  1.2364515e+036
  1.9088621e+036
  2.8604297e+036
  4.1928065e+036
  6.2469571e+036
  9.1928992e+036
  1.2639537e+037
  1.6457556e+037
  1.9757297e+037
  2.2613898e+037
  2.4200862e+037
  2.4889413e+037
  2.3600283e+037
  1.2730388e+037
  1.1796136e+037
  1.0049359e+037
  7.5181186e+036
  5.1227558e+036
  3.2728057e+036
  2.0748002e+036
  1.3133928e+036
  7.9665755e+035
  4.7732575e+035
  2.1430817e+035
  6.5083236e+028
  6.9517612e+031
  1.3870849e+032
  2.7675656e+032
  7.1059751e+032
  1.4178312e+033
  2.8289345e+033
  5.6444520e+033
  1.1262064e+034
  2.2471105e+034
  4.3241206e+034
  7.8907303e+034
  1.2692947e+035
  1.9624988e+035
  3.0141968e+035
  4.2604568e+035
  5.9300643e+035
  9.6575180e+035
  1.4698478e+036
  2.2738120e+036
  3.4103400e+036
  4.9981987e+036
  7.4379148e+036
  1.0915828e+037
  1.4932047e+037
  1.9290321e+037
  2.2985247e+037
  2.6120147e+037
  2.7788485e+037
  2.8928861e+037
  2.8269028e+037
  1.2780441e+037
  1.1796144e+037
  1.0049359e+037
  7.5181186e+036
  5.1227558e+036
  3.2728057e+036
  2.0748002e+036
  1.3133928e+036
  7.9665755e+035
  4.7732575e+035
  2.1430817e+035
  6.5083236e+028
  8.2534051e+031
  1.6468019e+032
  3.2857631e+032
  8.3932875e+032
  1.6746830e+033
  3.3414160e+033
  6.6669863e+033
  1.3302319e+034
  2.6541897e+034
  5.1005025e+034
  9.2595328e+034
  1.5155891e+035
  2.3795686e+035
  3.6736173e+035
  5.2309150e+035
  7.2998409e+035
  1.1923321e+036
  1.8172918e+036
  2.8120040e+036
  4.2131549e+036
  6.1611250e+036
  9.1325722e+036
  1.3318090e+037
  1.8047354e+037
  2.3029812e+037
  2.7103897e+037
  3.0427874e+037
  3.2724984e+037
  3.5594890e+037
  3.5283937e+037
  1.2824368e+037
  1.1796142e+037
  1.0049359e+037
  7.5181186e+036
  5.1227558e+036
  3.2728057e+036
  2.0748002e+036
  1.3133928e+036
  7.9665755e+035
  4.7732575e+035
  2.1430817e+035
  6.5083236e+028
  1.0700277e+032
  2.1350263e+032
  4.2598872e+032
  1.0889870e+033
  2.1728162e+033
  4.3353149e+033
  8.6500721e+033
  1.7259118e+034
  3.4436738e+034
  6.6078539e+034
  1.1935234e+035
  1.9709052e+035
  3.1204116e+035
  4.8244612e+035
  6.8939055e+035
  9.6272019e+035
  1.5723064e+036
  2.3929043e+036
  3.6907872e+036
  5.5035733e+036
  7.9963492e+036
  1.1744643e+037
  1.6903277e+037
  2.2501113e+037
  2.8068119e+037
  3.2565970e+037
  3.7345621e+037
  4.1983019e+037
  4.5207761e+037
  3.9288212e+037
  1.2795067e+037
  1.1796126e+037
  1.0049359e+037
  7.5181186e+036
  5.1227558e+036
  3.2728057e+036
  2.0748002e+036
  1.3133928e+036
  7.9665755e+035
  4.7732575e+035
  2.1430817e+035
  6.5083236e+028
  1.6566281e+032
  3.3054700e+032
  6.5952020e+032
  1.6913579e+033
  3.3747040e+033
  6.7333801e+033
  1.3434833e+034
  2.6805992e+034
  5.3485306e+034
  1.0244549e+035
  1.8404792e+035
  3.0487254e+035
  4.8385824e+035
  7.4571939e+035
  1.0648860e+036
  1.4809714e+036
  2.3985851e+036
  3.6146999e+036
  5.5014806e+036
  8.0754368e+036
  1.1517034e+037
  1.6512956e+037
  2.3104219e+037
  3.0173527e+037
  3.7812975e+037
  4.4349037e+037
  4.7942386e+037
  4.5565546e+037
  3.8854068e+037
  2.8284576e+037
  1.2694633e+037
  1.1796107e+037
  1.0049359e+037
  7.5181186e+036
  5.1227558e+036
  3.2728057e+036
  2.0748002e+036
  1.3133928e+036
  7.9665755e+035
  4.7732575e+035
  2.1430817e+035
  6.5083236e+028
  4.6598437e+032
  9.2977861e+032
  1.8551304e+033
  4.7715929e+033
  9.5205818e+033
  1.8995941e+034
  3.7901811e+034
  7.5624063e+034
  1.5089059e+035
  2.8617563e+035
  5.0318984e+035
  8.0796671e+035
  1.2338893e+036
  1.8162786e+036
  2.5192088e+036
  3.3270577e+036
  4.9753847e+036
  6.9491281e+036
  9.7206421e+036
  1.3114341e+037
  1.7125942e+037
  2.1979276e+037
  2.6484114e+037
  2.8893092e+037
  2.8982812e+037
  2.7215114e+037
  2.3963346e+037
  2.0699361e+037
  1.7469123e+037
  1.4017154e+037
  1.2607123e+037
  1.1796094e+037
  1.0049359e+037
  7.5181186e+036
  5.1227558e+036
  3.2728057e+036
  2.0748002e+036
  1.3133928e+036
  7.9665755e+035
  4.7732575e+035
  2.1430817e+035
  6.5083236e+028
  1.8237925e+031
  3.6390132e+031
  7.2607004e+031
  1.8730874e+032
  3.7373015e+032
  7.4568500e+032
  1.4878343e+033
  2.9686209e+033
  5.9232053e+033
  1.1285583e+034
  2.0047717e+034
  3.2926009e+034
  5.1956698e+034
  7.9587240e+034
  1.1322353e+035
  1.5729935e+035
  2.5407711e+035
  3.8101439e+035
  5.7461659e+035
  8.3263105e+035
  1.1688343e+036
  1.6443615e+036
  2.2629305e+036
  2.9336390e+036
  3.6752642e+036
  4.3856045e+036
  5.1358553e+036
  5.6543415e+036
  5.8747054e+036
  6.3133998e+036
  1.2557128e+037
  1.1796085e+037
  1.0049359e+037
  7.5181186e+036
  5.1227558e+036
  3.2728057e+036
  2.0748002e+036
  1.3133928e+036
  7.9665755e+035
  4.7732575e+035
  2.1430817e+035
  6.5083236e+028
  3.6263508e+030
  7.2356577e+030
  1.4436865e+031
  3.7639177e+031
  7.5100046e+031
  1.4984331e+032
  2.9897614e+032
  5.9653646e+032
  1.1902517e+033
  2.2080709e+033
  3.7047941e+033
  5.5154328e+033
  7.7829839e+033
  1.0632321e+034
  1.3839458e+034
  1.7621412e+034
  2.5348941e+034
  3.5166517e+034
  5.0686665e+034
  7.3524527e+034
  1.0794499e+035
  1.6709617e+035
  2.6549418e+035
  4.0513125e+035
  6.0905445e+035
  8.6691095e+035
  1.2325419e+036
  1.5848002e+036
  1.8563333e+036
  3.0250277e+036
  1.2531586e+037
  1.1796081e+037
  1.0049359e+037
  7.5181186e+036
  5.1227558e+036
  3.2728057e+036
  2.0748002e+036
  1.3133928e+036
  7.9665755e+035
  4.7732575e+035
  2.1430817e+035
  6.5083236e+028
  3.0533006e+030
  6.0922507e+030
  1.2155495e+031
  3.1771339e+031
  6.3392168e+031
  1.2648317e+032
  2.5236661e+032
  5.0353823e+032
  1.0046949e+033
  1.8496992e+033
  3.0494787e+033
  4.3860911e+033
  5.8998977e+033
  7.5857337e+033
  9.3523813e+033
  1.1099811e+034
  1.4020573e+034
  1.6907969e+034
  2.0601284e+034
  2.5348431e+034
  3.2063350e+034
  4.3350503e+034
  6.2225200e+034
  8.9734518e+034
  1.3168661e+035
  1.8747771e+035
  2.6911573e+035
  3.4025486e+035
  3.5186957e+035
  1.5567514e+036
  1.2518215e+037
  1.1796078e+037
  1.0049359e+037
  7.5181186e+036
  5.1227558e+036
  3.2728057e+036
  2.0748002e+036
  1.3133928e+036
  7.9665755e+035
  4.7732575e+035
  2.1430817e+035
  6.5083236e+028
  3.0340395e+030
  6.0538190e+030
  1.2078815e+031
  3.1574736e+031
  6.2999892e+031
  1.2570048e+032
  2.5080495e+032
  5.0042230e+032
  9.9847778e+032
  1.8339880e+033
  3.0061981e+033
  4.2702925e+033
  5.6335920e+033
  7.0539582e+033
  8.4810582e+033
  9.7090756e+033
  1.1352264e+034
  1.2345557e+034
  1.2759134e+034
  1.2450651e+034
  1.1369588e+034
  9.0289675e+033
  4.6885821e+033
 -2.0874290e+033
 -1.3517889e+034
 -3.1886486e+034
 -7.1718772e+034
 -1.4725016e+035
 -3.0966653e+035
  8.3153714e+035
  1.2510783e+037
  1.1796076e+037
  1.0049359e+037
  7.5181186e+036
  5.1227558e+036
  3.2728057e+036
  2.0748002e+036
  1.3133928e+036
  7.9665755e+035
  4.7732575e+035
  2.1430817e+035
  6.5083236e+028
  3.1909497e+030
  6.3669020e+030
  1.2703490e+031
  3.3180764e+031
  6.6204340e+031
  1.3209415e+032
  2.6356198e+032
  5.2587593e+032
  1.0492647e+033
  1.9253718e+033
  3.1476454e+033
  4.4424765e+033
  5.7994567e+033
  7.1627852e+033
  8.5042096e+033
  9.5601391e+033
  1.0728261e+034
  1.0968690e+034
  1.0042883e+034
  7.6459420e+033
  3.3294768e+033
 -4.6864615e+033
 -1.8747090e+034
 -4.0018215e+034
 -7.4496955e+034
 -1.2606474e+035
 -2.2385994e+035
 -3.7621748e+035
 -6.4181680e+035
  4.3850733e+035
  1.2506394e+037
  1.1796075e+037
  1.0049359e+037
  7.5181186e+036
  5.1227558e+036
  3.2728057e+036
  2.0748002e+036
  1.3133928e+036
  7.9665755e+035
  4.7732575e+035
  2.1430817e+035
  6.5083236e+028
  3.4689134e+030
  6.9215228e+030
  1.3810091e+031
  3.6024516e+031
  7.1878373e+031
  1.4341527e+032
  2.8615053e+032
  5.7094601e+032
  1.1391918e+033
  2.0882112e+033
  3.4054248e+033
  4.7775413e+033
  6.1830686e+033
  7.5635346e+033
  8.9088778e+033
  9.9158160e+033
  1.0891182e+034
  1.0778226e+034
  9.1909934e+033
  5.7446685e+033
 -2.0766079e+032
 -1.1100480e+034
 -3.0095868e+034
 -5.8762656e+034
 -1.0507547e+035
 -1.7394838e+035
 -3.0280037e+035
 -4.9829396e+035
 -8.2621233e+035
  2.0856774e+035
  1.2503655e+037
  1.1796075e+037
  1.0049359e+037
  7.5181186e+036
  5.1227558e+036
  3.2728057e+036
  2.0748002e+036
  1.3133928e+036
  7.9665755e+035
  4.7732575e+035
  2.1430817e+035
  6.5083236e+028
  3.8767628e+030
  7.7353049e+030
  1.5433781e+031
  4.0196431e+031
  8.0202441e+031
  1.6002386e+032
  3.1928897e+032
  6.3706589e+032
  1.2711190e+033
  2.3256881e+033
  3.7781836e+033
  5.2565882e+033
  6.7350165e+033
  8.1621612e+033
  9.5478796e+033
  1.0559488e+034
  1.1464862e+034
  1.1172263e+034
  9.2199171e+033
  5.1796083e+033
 -1.7061824e+033
 -1.4245155e+034
 -3.6070003e+034
 -6.8981298e+034
 -1.2212887e+035
 -2.0100079e+035
 -3.4789484e+035
 -5.6928980e+035
 -9.3685886e+035
  6.4923102e+034
  1.2501861e+037
  1.1796074e+037
  1.0049359e+037
  7.5181186e+036
  5.1227558e+036
  3.2728057e+036
  2.0748002e+036
  1.3133928e+036
  7.9665755e+035
  4.7732575e+035
  2.1430817e+035
  6.5083236e+028
  3.4955346e+029
  6.9746401e+029
  1.3916073e+030
  4.1270162e+030
  8.2344751e+030
  1.6429769e+031
  3.2781648e+031
  6.5408730e+031
  1.3050699e+032
  2.2998790e+032
  3.3639952e+032
  4.0946427e+032
  4.2640041e+032
  2.8364832e+032
 -5.6305086e+031
 -5.8181014e+032
 -2.0002814e+033
 -4.1872944e+033
 -8.0476549e+033
 -1.4085619e+034
 -2.3501336e+034
 -4.0110498e+034
 -6.8697248e+034
 -1.1164482e+035
 -1.8087709e+035
 -2.8355430e+035
 -4.7460244e+035
 -7.6113496e+035
 -1.2325388e+036
 -3.2771163e+035
  1.2496605e+037
  1.1796073e+037
  1.0049359e+037
  7.5181186e+036
  5.1227558e+036
  3.2728057e+036
  2.0748002e+036
  1.3133928e+036
  7.9665755e+035
  4.7732575e+035
  2.1430817e+035
  6.5083236e+028
  3.0057604e+029
  5.9973938e+029
  1.1966233e+030
  3.6253648e+030
  7.2335488e+030
  1.4432671e+031
  2.8796921e+031
  5.7458153e+031
  1.1464342e+032
  2.0039789e+032
  2.8602648e+032
  3.3337713e+032
  3.1869072e+032
  1.3898682e+032
 -2.4111150e+032
 -8.0146567e+032
 -2.2750179e+033
 -4.5145344e+033
 -8.4350046e+033
 -1.4532244e+034
 -2.4003955e+034
 -4.0669100e+034
 -6.9308528e+034
 -1.1230309e+035
 -1.8158646e+035
 -2.8432126e+035
 -4.7545876e+035
 -7.6211806e+035
 -1.2337300e+036
 -3.2902688e+035
  1.2496589e+037
  1.1796073e+037
  1.0049359e+037
  7.5181186e+036
  5.1227558e+036
  3.2728057e+036
  2.0748002e+036
  1.3133928e+036
  7.9665755e+035
  4.7732575e+035
  2.1430817e+035
  6.5083236e+028
  2.5568944e+029
  5.1017714e+029
  1.0179252e+030
  3.1656136e+030
  6.3162243e+030
  1.2602379e+031
  2.5145016e+031
  5.0171643e+031
  1.0010485e+032
  1.7331957e+032
  2.4007898e+032
  2.6440536e+032
  2.2182157e+032
  1.0000923e+031
 -4.0482149e+032
 -9.9450814e+032
 -2.5133430e+033
 -4.7948686e+033
 -8.7622582e+033
 -1.4904691e+034
 -2.4418209e+034
 -4.1124546e+034
 -6.9802879e+034
 -1.1283332e+035
 -1.8215794e+035
 -2.8494187e+035
 -4.7615862e+035
 -7.6293174e+035
 -1.2347307e+036
 -3.3014891e+035
  1.2496576e+037
  1.1796073e+037
  1.0049359e+037
  7.5181186e+036
  5.1227558e+036
  3.2728057e+036
  2.0748002e+036
  1.3133928e+036
  7.9665755e+035
  4.7732575e+035
  2.1430817e+035
  6.5083236e+028
  2.1455196e+029
  4.2809553e+029
  8.5415281e+029
  2.7442628e+030
  5.4755187e+030
  1.0924961e+031
  2.1798134e+031
  4.3493735e+031
  8.6780609e+031
  1.4853974e+032
  1.9816821e+032
  2.0188357e+032
  1.3470190e+032
 -1.0500797e+032
 -5.4984329e+032
 -1.1641619e+033
 -2.7200823e+033
 -5.0350204e+033
 -9.0387395e+033
 -1.5215280e+034
 -2.4759635e+034
 -4.1495883e+034
 -7.0202667e+034
 -1.1326042e+035
 -1.8261832e+035
 -2.8544406e+035
 -4.7673061e+035
 -7.6360520e+035
 -1.2355715e+036
 -3.3110610e+035
  1.2496564e+037
  1.1796073e+037
  1.0049359e+037
  7.5181186e+036
  5.1227558e+036
  3.2728057e+036
  2.0748002e+036
  1.3133928e+036
  7.9665755e+035
  4.7732575e+035
  2.1430817e+035
  6.5083236e+028
  1.7685046e+029
  3.5286973e+029
  7.0405938e+029
  2.3581050e+030
  4.7050325e+030
  9.3876487e+030
  1.8730799e+031
  3.7373594e+031
  7.4569264e+031
  1.2586330e+032
  1.5993953e+032
  1.4520859e+032
  5.6350460e+031
 -2.0755443e+032
 -6.7831025e+032
 -1.3132608e+033
 -2.8994220e+033
 -5.2407493e+033
 -9.2723255e+033
 -1.5474285e+034
 -2.5041036e+034
 -4.1798646e+034
 -7.0525982e+034
 -1.1360445e+035
 -1.8298921e+035
 -2.8585041e+035
 -4.7719809e+035
 -7.6416260e+035
 -1.2362778e+036
 -3.3192267e+035
  1.2496554e+037
  1.1796073e+037
  1.0049359e+037
  7.5181186e+036
  5.1227558e+036
  3.2728057e+036
  2.0748002e+036
  1.3133928e+036
  7.9665755e+035
  4.7732575e+035
  2.1430817e+035
  6.5083236e+028
  1.4229796e+029
  2.8392712e+029
  5.6650240e+029
  2.0042009e+030
  3.9989007e+030
  7.9787393e+030
  1.5919660e+031
  3.1764634e+031
  6.3377864e+031
  1.0511171e+032
  1.2506943e+032
  9.3833633e+031
 -1.4115231e+031
 -2.9898888e+032
 -7.9211215e+032
 -1.4442951e+033
 -3.0549934e+033
 -5.4169895e+033
 -9.4696714e+033
 -1.5690274e+034
 -2.5272965e+034
 -4.2045497e+034
 -7.0787451e+034
 -1.1388156e+035
 -1.8328800e+035
 -2.8617923e+035
 -4.7758015e+035
 -7.6462395e+035
 -1.2368712e+036
 -3.3261927e+035
  1.2496546e+037
  1.1796073e+037
  1.0049359e+037
  7.5181186e+036
  5.1227558e+036
  3.2728057e+036
  2.0748002e+036
  1.3133928e+036
  7.9665755e+035
  4.7732575e+035
  2.1430817e+035
  6.5083236e+028
  1.1063143e+029
  2.2074290e+029
  4.4043479e+029
  1.6798563e+030
  3.3517481e+030
  6.6875081e+030
  1.3343320e+031
  2.6624160e+031
  5.3121218e+031
  8.6121578e+031
  9.3262864e+031
  4.7263069e+031
 -7.7488842e+031
 -3.8051544e+032
 -8.9292309e+032
 -1.5594535e+033
 -3.1899465e+033
 -5.5679678e+033
 -9.6363997e+033
 -1.5870389e+034
 -2.5464119e+034
 -4.2246761e+034
 -7.0998905e+034
 -1.1410477e+035
 -1.8352871e+035
 -2.8644529e+035
 -4.7789241e+035
 -7.6500580e+035
 -1.2373698e+036
 -3.3321354e+035
  1.2496538e+037
  1.1796073e+037
  1.0049359e+037
  7.5181186e+036
  5.1227558e+036
  3.2728057e+036
  2.0748002e+036
  1.3133928e+036
  7.9665755e+035
  4.7732575e+035
  2.1430817e+035
  6.5083236e+028
  8.1609831e+028
  1.6283610e+029
  3.2489690e+029
  1.3826025e+030
  2.7586486e+030
  5.5041262e+030
  1.0982168e+031
  2.1913040e+031
  4.3721252e+031
  6.8743386e+031
  6.4250670e+031
  5.0476079e+030
 -1.3448416e+032
 -4.5320773e+032
 -9.8222604e+032
 -1.6606595e+033
 -3.3070140e+033
 -5.6973052e+033
 -9.7772606e+033
 -1.6020590e+034
 -2.5621666e+034
 -4.2410858e+034
 -7.1169911e+034
 -1.1428456e+035
 -1.8372262e+035
 -2.8666059e+035
 -4.7814761e+035
 -7.6532184e+035
 -1.2377886e+036
 -3.3372051e+035
  1.2496532e+037
  1.1796073e+037
  1.0049359e+037
  7.5181186e+036
  5.1227558e+036
  3.2728057e+036
  2.0748002e+036
  1.3133928e+036
  7.9665755e+035
  4.7732575e+035
  2.1430817e+035
  6.5083236e+028
  5.5012242e+028
  1.0976593e+029
  2.1900923e+029
  1.1101766e+030
  2.2150872e+030
  4.4195856e+030
  8.8182288e+030
  1.7595413e+031
  3.5106413e+031
  5.2840309e+031
  3.7787352e+031
 -3.3220023e+031
 -1.8574314e+032
 -5.1802303e+032
 -1.0613347e+033
 -1.7496036e+033
 -3.4085663e+033
 -5.8081037e+033
 -9.8962674e+033
 -1.6145845e+034
 -2.5751516e+034
 -4.2544651e+034
 -7.1308206e+034
 -1.1442938e+035
 -1.8387884e+035
 -2.8683480e+035
 -4.7835618e+035
 -7.6558342e+035
 -1.2381405e+036
 -3.3415300e+035
  1.2496526e+037
  1.1796073e+037
  1.0049359e+037
  7.5181186e+036
  5.1227558e+036
  3.2728057e+036
  2.0748002e+036
  1.3133928e+036
  7.9665755e+035
  4.7732575e+035
  2.1430817e+035
  6.5083236e+028
  3.0636199e+028
  6.1128408e+028
  1.2196577e+029
  8.6050484e+029
  1.7169266e+030
  3.4256305e+030
  6.8350316e+030
  1.3638413e+031
  2.7211122e+031
  3.8287134e+031
  1.3648976e+031
 -6.7909010e+031
 -2.3184311e+032
 -5.7581490e+032
 -1.1314127e+033
 -1.8277714e+033
 -3.4966597e+033
 -5.9030206e+033
 -9.9968107e+033
 -1.6250297e+034
 -2.5858537e+034
 -4.2653737e+034
 -7.1420047e+034
 -1.1454604e+035
 -1.8400469e+035
 -2.8697577e+035
 -4.7852665e+035
 -7.6579992e+035
 -1.2384361e+036
 -3.3452195e+035
  1.2496521e+037
  1.1796073e+037
  1.0049359e+037
  7.5181186e+036
  5.1227558e+036
  3.2728057e+036
  2.0748002e+036
  1.3133928e+036
  7.9665755e+035
  4.7732575e+035
  2.1430817e+035
  6.5083236e+028
  8.2961501e+027
  1.6553308e+028
  3.3027803e+028
  6.3168680e+029
  1.2603744e+030
  2.5146949e+030
  5.0174797e+030
  1.0011920e+031
  1.9975281e+031
  2.4969277e+031
 -8.3687149e+030
 -9.9354014e+031
 -2.7330332e+032
 -6.2734441e+032
 -1.1934911e+033
 -1.8964685e+033
 -3.5730778e+033
 -5.9843323e+033
 -1.0081755e+034
 -1.6337401e+034
 -2.5946743e+034
 -4.2742677e+034
 -7.1510494e+034
 -1.1464000e+035
 -1.8410608e+035
 -2.8708984e+035
 -4.7866597e+035
 -7.6597912e+035
 -1.2386845e+036
 -3.3483669e+035
  1.2496517e+037
  1.1796073e+037
  1.0049359e+037
  7.5181186e+036
  5.1227558e+036
  3.2728057e+036
  2.0748002e+036
  1.3133928e+036
  7.9665755e+035
  4.7732575e+035
  2.1430817e+035
  6.5083236e+028
 -1.2177960e+028
 -2.4298684e+028
 -4.8481678e+028
  4.2198064e+029
  8.4195553e+029
  1.6798446e+030
  3.3517376e+030
  6.6883267e+030
  1.3343809e+031
  1.2781881e+031
 -2.8452035e+031
 -1.2785840e+032
 -3.1059072e+032
 -6.7329014e+032
 -1.2484829e+033
 -1.9568424e+033
 -3.6393680e+033
 -6.0539890e+033
 -1.0153520e+034
 -1.6410039e+034
 -2.6019442e+034
 -4.2815193e+034
 -7.1583641e+034
 -1.1471569e+035
 -1.8418775e+035
 -2.8718214e+035
 -4.7877983e+035
 -7.6612743e+035
 -1.2388931e+036
 -3.3510520e+035
  1.2496513e+037
  1.1796073e+037
  1.0049359e+037
  7.5181186e+036
  5.1227558e+036
  3.2728057e+036
  2.0748002e+036
  1.3133928e+036
  7.9665755e+035
  4.7732575e+035
  2.1430817e+035
  6.5083236e+028
 -3.0941983e+028
 -6.1738539e+028
 -1.2318313e+029
  2.2979005e+029
  4.5848480e+029
  9.1472470e+029
  1.8251256e+030
  3.6423347e+030
  7.2662260e+030
  1.6289898e+030
 -4.6770929e+031
 -1.5369717e+032
 -3.4412530e+032
 -7.1425717e+032
 -1.2971972e+033
 -2.0099015e+033
 -3.6968727e+033
 -6.1136613e+033
 -1.0214152e+034
 -1.6470612e+034
 -2.6079360e+034
 -4.2874317e+034
 -7.1642795e+034
 -1.1477666e+035
 -1.8425355e+035
 -2.8725683e+035
 -4.7887289e+035
 -7.6625019e+035
 -1.2390684e+036
 -3.3533427e+035
  1.2496510e+037
  1.1796073e+037
  1.0049359e+037
  7.5181186e+036
  5.1227558e+036
  3.2728057e+036
  2.0748002e+036
  1.3133928e+036
  7.9665755e+035
  4.7732575e+035
  2.1430817e+035
  6.5083236e+028
 -4.8138753e+028
 -9.6051254e+028
 -1.9164519e+029
  5.3652067e+028
  1.0704323e+029
  2.1351093e+029
  4.2602292e+029
  8.5075725e+029
  1.6962696e+030
 -8.5772099e+030
 -6.3480410e+031
 -1.7711959e+032
 -3.7428477e+032
 -7.5078498e+032
 -1.3403506e+033
 -2.0565321e+033
 -3.7467561e+033
 -6.1647803e+033
 -1.0265376e+034
 -1.6521125e+034
 -2.6128744e+034
 -4.2922523e+034
 -7.1690634e+034
 -1.1482576e+035
 -1.8430656e+035
 -2.8731726e+035
 -4.7894895e+035
 -7.6635179e+035
 -1.2392157e+036
 -3.3552968e+035
  1.2496507e+037
  1.1796073e+037
  1.0049359e+037
  7.5181186e+036
  5.1227558e+036
  3.2728057e+036
  2.0748002e+036
  1.3133928e+036
  7.9665755e+035
  4.7732575e+035
  2.1430817e+035
  6.5083236e+028
 -6.3899174e+028
 -1.2749802e+029
 -2.5438900e+029
 -1.0777411e+029
 -2.1504441e+029
 -4.2913440e+029
 -8.5622059e+029
 -1.7076554e+030
 -3.4084597e+030
 -1.7917076e+031
 -7.8721875e+031
 -1.9835163e+032
 -4.0140881e+032
 -7.8335461e+032
 -1.3785778e+033
 -2.0975130e+033
 -3.7900284e+033
 -6.2085719e+033
 -1.0308653e+034
 -1.6563248e+034
 -2.6169446e+034
 -4.2961826e+034
 -7.1729322e+034
 -1.1486532e+035
 -1.8434927e+035
 -2.8736617e+035
 -4.7901110e+035
 -7.6643588e+035
 -1.2393394e+036
 -3.3569638e+035
  1.2496505e+037
  1.1796073e+037
  1.0049359e+037
  7.5181186e+036
  5.1227558e+036
  3.2728057e+036
  2.0748002e+036
  1.3133928e+036
  7.9665755e+035
  4.7732575e+035
  2.1430817e+035
  6.5083236e+028
 -7.8343215e+028
 -1.5631822e+029
 -3.1189217e+029
 -2.5571726e+029
 -5.1022987e+029
 -1.0181032e+030
 -2.0313655e+030
 -4.0523783e+030
 -8.0868196e+030
 -2.6464145e+031
 -9.2624296e+031
 -2.1759813e+032
 -4.2580293e+032
 -8.1239498e+032
 -1.4124412e+033
 -2.1335287e+033
 -3.8275657e+033
 -6.2460866e+033
 -1.0345216e+034
 -1.6598376e+034
 -2.6202992e+034
 -4.2993872e+034
 -7.1760609e+034
 -1.1489718e+035
 -1.8438367e+035
 -2.8740574e+035
 -4.7906191e+035
 -7.6650548e+035
 -1.2394433e+036
 -3.3583859e+035
  1.2496503e+037
  1.1796073e+037
  1.0049359e+037
  7.5181186e+036
  5.1227558e+036
  3.2728057e+036
  2.0748002e+036
  1.3133928e+036
  7.9665755e+035
  4.7732575e+035
  2.1430817e+035
  6.5083236e+028
 -9.1580827e+028
 -1.8273122e+029
 -3.6459243e+029
 -3.9130355e+029
 -7.8076016e+029
 -1.5578787e+030
 -3.1083572e+030
 -6.2012597e+030
 -1.2374423e+031
 -3.4285712e+031
 -1.0530532e+032
 -2.3504478e+032
 -4.4774188e+032
 -8.3828851e+032
 -1.4424390e+033
 -2.1651808e+033
 -3.8601281e+033
 -6.2782240e+033
 -1.0376106e+034
 -1.6627669e+034
 -2.6230641e+034
 -4.3019999e+034
 -7.1785912e+034
 -1.1492284e+035
 -1.8441138e+035
 -2.8743776e+035
 -4.7910343e+035
 -7.6656309e+035
 -1.2395307e+036
 -3.3595991e+035
  1.2496501e+037
  1.1796073e+037
  1.0049359e+037
  7.5181186e+036
  5.1227558e+036
  3.2728057e+036
  2.0748002e+036
  1.3133928e+036
  7.9665755e+035
  4.7732575e+035
  2.1430817e+035
  6.5083236e+028
 -1.0371278e+029
 -2.0693810e+029
 -4.1289093e+029
 -5.1556509e+029
 -1.0286946e+030
 -2.0525698e+030
 -4.0953938e+030
 -8.1706571e+030
 -1.6303906e+031
 -4.1443361e+031
 -1.1687224e+032
 -2.5085988e+032
 -4.6747277e+032
 -8.6137620e+032
 -1.4690124e+033
 -2.1929980e+033
 -3.8883749e+033
 -6.3057550e+033
 -1.0402204e+034
 -1.6652097e+034
 -2.6253428e+034
 -4.3041302e+034
 -7.1806375e+034
 -1.1494352e+035
 -1.8443371e+035
 -2.8746367e+035
 -4.7913736e+035
 -7.6661077e+035
 -1.2396040e+036
 -3.3606341e+035
  1.2496500e+037
  1.1796073e+037
  1.0049359e+037
  7.5181186e+036
  5.1227558e+036
  3.2728057e+036
  2.0748002e+036
  1.3133928e+036
  7.9665755e+035
  4.7732575e+035
  2.1430817e+035
  6.5083236e+028
 -1.1483141e+029
 -2.2912311e+029
 -4.5715533e+029
 -6.2944775e+029
 -1.2559204e+030
 -2.5059422e+030
 -4.9999889e+030
 -9.9755618e+030
 -1.9905182e+031
 -4.7993446e+031
 -1.2742295e+032
 -2.6519601e+032
 -4.8521782e+032
 -8.8196210e+032
 -1.4925523e+033
 -2.2174449e+033
 -3.9128781e+033
 -6.3293397e+033
 -1.0424253e+034
 -1.6672468e+034
 -2.6272210e+034
 -4.3058670e+034
 -7.1822923e+034
 -1.1496017e+035
 -1.8445170e+035
 -2.8748463e+035
 -4.7916509e+035
 -7.6665023e+035
 -1.2396657e+036
 -3.3615170e+035
  1.2496498e+037
  1.1796073e+037
  1.0049359e+037
  7.5181186e+036
  5.1227558e+036
  3.2728057e+036
  2.0748002e+036
  1.3133928e+036
  7.9665755e+035
  4.7732575e+035
  2.1430817e+035
  6.5083236e+028
 -1.2502137e+029
 -2.4945514e+029
 -4.9772257e+029
 -7.3381844e+029
 -1.4641674e+030
 -2.9214469e+030
 -5.8290281e+030
 -1.1629713e+031
 -2.3205664e+031
 -5.3987540e+031
 -1.3704672e+032
 -2.7819148e+032
 -5.0117691e+032
 -9.0031729e+032
 -1.5134050e+033
 -2.2389299e+033
 -3.9341338e+033
 -6.3495438e+033
 -1.0442881e+034
 -1.6689456e+034
 -2.6287689e+034
 -4.3072831e+034
 -7.1836306e+034
 -1.1497358e+035
 -1.8446619e+035
 -2.8750160e+035
 -4.7918776e+035
 -7.6668289e+035
 -1.2397174e+036
 -3.3622702e+035
  1.2496497e+037
  1.1796073e+037
  1.0049359e+037
  7.5181186e+036
  5.1227558e+036
  3.2728057e+036
  2.0748002e+036
  1.3133928e+036
  7.9665755e+035
  4.7732575e+035
  2.1430817e+035
  6.5083236e+028
 -1.3436022e+029
 -2.6808894e+029
 -5.3490146e+029
 -8.2947163e+029
 -1.6550206e+030
 -3.3022468e+030
 -6.5888224e+030
 -1.3145702e+031
 -2.6230474e+031
 -5.9472837e+031
 -1.4582500e+032
 -2.8997166e+032
 -5.1552978e+032
 -9.1668351e+032
 -1.5318774e+033
 -2.2578118e+033
 -3.9525725e+033
 -6.3668519e+033
 -1.0458619e+034
 -1.6703622e+034
 -2.6300448e+034
 -4.3084377e+034
 -7.1847129e+034
 -1.1498439e+035
 -1.8447786e+035
 -2.8751533e+035
 -4.7920628e+035
 -7.6670993e+035
 -1.2397609e+036
 -3.3629128e+035
  1.2496496e+037
  1.1796073e+037
  1.0049359e+037
  7.5181186e+036
  5.1227558e+036
  3.2728057e+036
  2.0748002e+036
  1.3133928e+036
  7.9665755e+035
  4.7732575e+035
  2.1430817e+035
  6.5083236e+028
 -1.4291904e+029
 -2.8516637e+029
 -5.6897500e+029
 -9.1713545e+029
 -1.8299330e+030
 -3.6512407e+030
 -7.2851554e+030
 -1.4535069e+031
 -2.9002640e+031
 -6.4492524e+031
 -1.5383205e+032
 -3.0065021e+032
 -5.2843810e+032
 -9.3127627e+032
 -1.5482410e+033
 -2.2744060e+033
 -3.9685675e+033
 -6.3816791e+033
 -1.0471915e+034
 -1.6715436e+034
 -2.6310963e+034
 -4.3093791e+034
 -7.1855882e+034
 -1.1499309e+035
 -1.8448727e+035
 -2.8752643e+035
 -4.7922142e+035
 -7.6673230e+035
 -1.2397975e+036
 -3.3634610e+035
  1.2496495e+037
  1.1796073e+037
  1.0049359e+037
  7.5181186e+036
  5.1227558e+036
  3.2728057e+036
  2.0748002e+036
  1.3133928e+036
  7.9665755e+035
  4.7732575e+035
  2.1430817e+035
  6.5083236e+028
 -1.5076300e+029
 -3.0081741e+029
 -6.0020258e+029
 -9.9747721e+029
 -1.9902359e+030
 -3.9710851e+030
 -7.9233276e+030
 -1.5808391e+031
 -3.1543262e+031
 -6.9086125e+031
 -1.6113565e+032
 -3.1033014e+032
 -5.4004725e+032
 -9.4428775e+032
 -1.5627366e+033
 -2.2889897e+033
 -3.9824426e+033
 -6.3943810e+033
 -1.0483148e+034
 -1.6725287e+034
 -2.6319629e+034
 -4.3101466e+034
 -7.1862960e+034
 -1.1500010e+035
 -1.8449484e+035
 -2.8753542e+035
 -4.7923380e+035
 -7.6675082e+035
 -1.2398282e+036
 -3.3639286e+035
  1.2496495e+037
  1.1796073e+037
  1.0049359e+037
  7.5181186e+036
  5.1227558e+036
  3.2728057e+036
  2.0748002e+036
  1.3133928e+036
  7.9665755e+035
  4.7732575e+035
  2.1430817e+035
  6.5083236e+028
 -1.5795179e+029
 -3.1516122e+029
 -6.2882189e+029
 -1.0711085e+030
 -2.1371496e+030
 -4.2642147e+030
 -8.5081968e+030
 -1.6975358e+031
 -3.3871680e+031
 -7.3289807e+031
 -1.6779758e+032
 -3.1910484e+032
 -5.5048798e+032
 -9.5588929e+032
 -1.5755775e+033
 -2.3018064e+033
 -3.9944788e+033
 -6.4052622e+033
 -1.0492639e+034
 -1.6733502e+034
 -2.6326772e+034
 -4.3107724e+034
 -7.1868685e+034
 -1.1500574e+035
 -1.8450095e+035
 -2.8754270e+035
 -4.7924391e+035
 -7.6676615e+035
 -1.2398540e+036
 -3.3643275e+035
  1.2496494e+037
  1.1796073e+037
  1.0049359e+037
  7.5181186e+036
  5.1227558e+036
  3.2728057e+036
  2.0748002e+036
  1.3133928e+036
  7.9665755e+035
  4.7732575e+035
  2.1430817e+035
  6.5083236e+028
 -1.6454015e+029
 -3.2830696e+029
 -6.5505079e+029
 -1.1385897e+030
 -2.2717925e+030
 -4.5328608e+030
 -9.0442152e+030
 -1.8044856e+031
 -3.6005619e+031
 -7.7136667e+031
 -1.7387423e+032
 -3.2705896e+032
 -5.5987790e+032
 -9.6623369e+032
 -1.5869526e+033
 -2.3130703e+033
 -4.0049198e+033
 -6.4145838e+033
 -1.0500657e+034
 -1.6740353e+034
 -2.6332659e+034
 -4.3112826e+034
 -7.1873314e+034
 -1.1501029e+035
 -1.8450586e+035
 -2.8754858e+035
 -4.7925218e+035
 -7.6677884e+035
 -1.2398757e+036
 -3.3646679e+035
  1.2496493e+037
  1.1796073e+037
  1.0049359e+037
  7.5181186e+036
  5.1227558e+036
  3.2728057e+036
  2.0748002e+036
  1.3133928e+036
  7.9665755e+035
  4.7732575e+035
  2.1430817e+035
  6.5083236e+028
