 1.000000          0.7329800
      42        54
  1.0000000e-008
  1.9953000e-008
  3.9811000e-008
  7.9433000e-008
  1.5849000e-007
  3.1623000e-007
  6.3096000e-007
  1.2589000e-006
  2.5119000e-006
  5.0119000e-006
  1.0000000e-005
  1.7000000e-005
  2.7000000e-005
  4.4000000e-005
  7.0000000e-005
  1.0000000e-004
  1.7000000e-004
  2.7000000e-004
  4.4000000e-004
  7.0000000e-004
  1.1000000e-003
  1.8000000e-003
  3.0000000e-003
  4.8000000e-003
  7.7000000e-003
  1.2000000e-002
  2.0000000e-002
  3.2000000e-002
  5.2000000e-002
  8.4000000e-002
  1.4000000e-001
  2.2000000e-001
  3.5000000e-001
  5.7000000e-001
  9.2000000e-001
  1.5000000e+000
  2.4000000e+000
  3.8000000e+000
  6.2000000e+000
  1.0000000e+001
  2.0000000e+001
  4.0000000e+001
  1.0000000e-010
  1.0000000e-009
  1.0000000e-008
  1.0000000e-007
  1.0000000e-006
  1.0000000e-005
  1.0000000e-004
  3.0000000e-004
  1.0000000e-003
  3.0000000e-003
  1.0000000e-002
  1.5000000e-002
  2.0000000e-002
  2.5000000e-002
  3.0000000e-002
  3.5000000e-002
  4.0000000e-002
  4.5000000e-002
  5.0000000e-002
  5.5000000e-002
  6.0000000e-002
  6.5000000e-002
  7.0000000e-002
  7.5000000e-002
  8.0000000e-002
  8.5000000e-002
  9.0000000e-002
  9.5000000e-002
  1.0000000e-001
  3.0000000e-001
  3.1538133e-001
  3.3155128e-001
  3.4855027e-001
  3.6642083e-001
  3.8520763e-001
  4.0495764e-001
  4.2572026e-001
  4.4754741e-001
  4.7049366e-001
  4.9461638e-001
  5.1997591e-001
  5.4663564e-001
  5.7466225e-001
  6.0412581e-001
  6.3510000e-001
  6.6766228e-001
  7.0189406e-001
  7.3788093e-001
  7.7571290e-001
  8.1548455e-001
  8.5729534e-001
  9.0124981e-001
  9.4745787e-001
  9.9603508e-001
 -3.2929854e+011
 -6.5704937e+011
 -1.3109704e+012
 -3.0340099e+012
 -6.0536832e+012
 -1.2078746e+013
 -2.4100167e+013
 -4.8084353e+013
 -9.5945129e+013
 -1.9234613e+014
 -3.9103306e+014
 -6.3241797e+014
 -9.4720863e+014
 -1.4947592e+015
 -2.1110734e+015
 -2.8820798e+015
 -4.5887948e+015
 -6.8943307e+015
 -1.0582747e+016
 -1.5817820e+016
 -2.3181769e+016
 -3.4676862e+016
 -5.1290368e+016
 -7.0765045e+016
 -9.2648174e+016
 -1.1208961e+017
 -1.2916192e+017
 -1.3839080e+017
 -1.4210315e+017
 -1.4110518e+017
 -1.3549961e+017
 -1.2554353e+017
 -1.0703506e+017
 -8.0088499e+016
 -5.4543432e+016
 -3.4818884e+016
 -2.2056380e+016
 -1.3968902e+016
 -8.5512689e+015
 -5.2933794e+015
 -2.6435620e+015
 -1.3213265e+015
 -3.2929854e+011
 -6.5704937e+011
 -1.3109704e+012
 -3.0340099e+012
 -6.0536832e+012
 -1.2078746e+013
 -2.4100167e+013
 -4.8084353e+013
 -9.5945129e+013
 -1.9234613e+014
 -3.9103306e+014
 -6.3241797e+014
 -9.4720863e+014
 -1.4947592e+015
 -2.1110734e+015
 -2.8820798e+015
 -4.5887948e+015
 -6.8943307e+015
 -1.0582747e+016
 -1.5817820e+016
 -2.3181769e+016
 -3.4676862e+016
 -5.1290368e+016
 -7.0765045e+016
 -9.2648174e+016
 -1.1208961e+017
 -1.2916192e+017
 -1.3839080e+017
 -1.4210315e+017
 -1.4110518e+017
 -1.3549961e+017
 -1.2554353e+017
 -1.0703506e+017
 -8.0088499e+016
 -5.4543432e+016
 -3.4818884e+016
 -2.2056380e+016
 -1.3968902e+016
 -8.5512689e+015
 -5.2933794e+015
 -2.6435620e+015
 -1.3213265e+015
 -3.2929854e+011
 -6.5704937e+011
 -1.3109704e+012
 -3.0340099e+012
 -6.0536832e+012
 -1.2078746e+013
 -2.4100167e+013
 -4.8084353e+013
 -9.5945129e+013
 -1.9234613e+014
 -3.9103306e+014
 -6.3241797e+014
 -9.4720863e+014
 -1.4947592e+015
 -2.1110734e+015
 -2.8820798e+015
 -4.5887948e+015
 -6.8943307e+015
 -1.0582747e+016
 -1.5817820e+016
 -2.3181769e+016
 -3.4676862e+016
 -5.1290368e+016
 -7.0765045e+016
 -9.2648174e+016
 -1.1208961e+017
 -1.2916192e+017
 -1.3839080e+017
 -1.4210315e+017
 -1.4110518e+017
 -1.3549961e+017
 -1.2554353e+017
 -1.0703506e+017
 -8.0088499e+016
 -5.4543432e+016
 -3.4818884e+016
 -2.2056380e+016
 -1.3968902e+016
 -8.5512689e+015
 -5.2933794e+015
 -2.6435620e+015
 -1.3213265e+015
 -3.2954810e+011
 -6.5754732e+011
 -1.3119639e+012
 -3.0363092e+012
 -6.0582710e+012
 -1.2087900e+013
 -2.4118432e+013
 -4.8120794e+013
 -9.6017841e+013
 -1.9248116e+014
 -3.9125108e+014
 -6.3258810e+014
 -9.4730104e+014
 -1.4947825e+015
 -2.1110734e+015
 -2.8820798e+015
 -4.5887948e+015
 -6.8943307e+015
 -1.0582747e+016
 -1.5817820e+016
 -2.3181769e+016
 -3.4676862e+016
 -5.1290368e+016
 -7.0765045e+016
 -9.2648174e+016
 -1.1208961e+017
 -1.2916192e+017
 -1.3839080e+017
 -1.4210315e+017
 -1.4110518e+017
 -1.3549961e+017
 -1.2554353e+017
 -1.0703506e+017
 -8.0088499e+016
 -5.4543432e+016
 -3.4818884e+016
 -2.2056380e+016
 -1.3968902e+016
 -8.5512689e+015
 -5.2933794e+015
 -2.6435620e+015
 -1.3213265e+015
 -3.4273102e+011
 -6.8385121e+011
 -1.3644465e+012
 -3.1577188e+012
 -6.3005165e+012
 -1.2571246e+013
 -2.5082829e+013
 -5.0044948e+013
 -9.9857202e+013
 -1.9962648e+014
 -4.0281365e+014
 -6.4170725e+014
 -9.5200465e+014
 -1.4956864e+015
 -2.1107569e+015
 -2.8818100e+015
 -4.5887191e+015
 -6.8943307e+015
 -1.0582747e+016
 -1.5817820e+016
 -2.3181769e+016
 -3.4676862e+016
 -5.1290368e+016
 -7.0765045e+016
 -9.2648174e+016
 -1.1208961e+017
 -1.2916192e+017
 -1.3839080e+017
 -1.4210315e+017
 -1.4110518e+017
 -1.3549961e+017
 -1.2554353e+017
 -1.0703506e+017
 -8.0088499e+016
 -5.4543432e+016
 -3.4818884e+016
 -2.2056380e+016
 -1.3968902e+016
 -8.5512689e+015
 -5.2933794e+015
 -2.6435620e+015
 -1.3213015e+015
 -2.7223116e+011
 -5.4318283e+011
 -1.0837795e+012
 -2.5078725e+012
 -5.0038946e+012
 -9.9841320e+012
 -1.9920880e+013
 -3.9745892e+013
 -7.9306976e+013
 -1.5943103e+014
 -3.2806789e+014
 -5.4700075e+014
 -8.5647405e+014
 -1.4107429e+015
 -2.0725084e+015
 -2.8567332e+015
 -4.5762214e+015
 -6.8879305e+015
 -1.0579830e+016
 -1.5816621e+016
 -2.3181306e+016
 -3.4676862e+016
 -5.1289167e+016
 -7.0765045e+016
 -9.2648174e+016
 -1.1208961e+017
 -1.2916192e+017
 -1.3839080e+017
 -1.4210315e+017
 -1.4110518e+017
 -1.3549961e+017
 -1.2554353e+017
 -1.0703506e+017
 -8.0088499e+016
 -5.4543432e+016
 -3.4818884e+016
 -2.2056380e+016
 -1.3968664e+016
 -8.5512689e+015
 -5.2932542e+015
 -2.6435620e+015
 -1.3214517e+015
 -2.2118135e+011
 -4.4132315e+011
 -8.8054508e+011
 -2.0367387e+012
 -4.0638531e+012
 -8.1084933e+012
 -1.6178504e+013
 -3.2279151e+013
 -6.4408210e+013
 -1.2909163e+014
 -2.6326959e+014
 -4.3205115e+014
 -6.7333231e+014
 -1.1284822e+015
 -1.7201293e+015
 -2.4857433e+015
 -4.2314342e+015
 -6.6201476e+015
 -1.0410243e+016
 -1.5719707e+016
 -2.3128578e+016
 -3.4648960e+016
 -5.1276565e+016
 -7.0756951e+016
 -9.2646892e+016
 -1.1208949e+017
 -1.2916053e+017
 -1.3839080e+017
 -1.4210315e+017
 -1.4110518e+017
 -1.3549961e+017
 -1.2554214e+017
 -1.0703506e+017
 -8.0088499e+016
 -5.4541702e+016
 -3.4817945e+016
 -2.2056380e+016
 -1.3970091e+016
 -8.5543743e+015
 -5.2983881e+015
 -2.6539550e+015
 -1.3421874e+015
 -2.1349349e+011
 -4.2598357e+011
 -8.4993895e+011
 -1.9656013e+012
 -3.9219145e+012
 -7.8252869e+012
 -1.5613436e+013
 -3.1151734e+013
 -6.2158617e+013
 -1.2460282e+014
 -2.5412667e+014
 -4.1680925e+014
 -6.4770777e+014
 -1.0811236e+015
 -1.6402798e+015
 -2.3720653e+015
 -4.0463529e+015
 -6.3611537e+015
 -1.0102512e+016
 -1.5432260e+016
 -2.2914074e+016
 -3.4515293e+016
 -5.1200390e+016
 -7.0709019e+016
 -9.2616715e+016
 -1.1207085e+017
 -1.2915273e+017
 -1.3838650e+017
 -1.4209951e+017
 -1.4110518e+017
 -1.3549061e+017
 -1.2553793e+017
 -1.0703065e+017
 -8.0088499e+016
 -5.4546316e+016
 -3.4825462e+016
 -2.2066900e+016
 -1.3986746e+016
 -8.5807707e+015
 -5.3406490e+015
 -2.7365976e+015
 -1.4972296e+015
 -2.1658952e+011
 -4.3216107e+011
 -8.6226453e+011
 -1.9926155e+012
 -3.9758151e+012
 -7.9328334e+012
 -1.5828018e+013
 -3.1579869e+013
 -6.3012889e+013
 -1.2608970e+014
 -2.5578116e+014
 -4.1486062e+014
 -6.3810971e+014
 -1.0563119e+015
 -1.5931186e+015
 -2.2936171e+015
 -3.9113750e+015
 -6.1607784e+015
 -9.8168396e+015
 -1.5056123e+016
 -2.2472328e+016
 -3.4052710e+016
 -5.0793983e+016
 -7.0402738e+016
 -9.2411322e+016
 -1.1194552e+017
 -1.2908617e+017
 -1.3834997e+017
 -1.4208004e+017
 -1.4109290e+017
 -1.3548098e+017
 -1.2552638e+017
 -1.0703274e+017
 -8.0124289e+016
 -5.4609764e+016
 -3.4914726e+016
 -2.2194648e+016
 -1.4175426e+016
 -8.8761776e+015
 -5.7958145e+015
 -3.5185720e+015
 -2.4977283e+015
 -2.2114609e+011
 -4.4125280e+011
 -8.8040470e+011
 -2.0397403e+012
 -4.0698423e+012
 -8.1204436e+012
 -1.6202348e+013
 -3.2326719e+013
 -6.4503138e+013
 -1.2890143e+014
 -2.6039959e+014
 -4.1769438e+014
 -6.3540856e+014
 -1.0431044e+015
 -1.5622928e+015
 -2.2424280e+015
 -3.8124211e+015
 -5.9948575e+015
 -9.5468330e+015
 -1.4654622e+016
 -2.1909736e+016
 -3.3276635e+016
 -4.9791139e+016
 -6.9328008e+016
 -9.1485411e+016
 -1.1129235e+017
 -1.2873765e+017
 -1.3818180e+017
 -1.4200456e+017
 -1.4105360e+017
 -1.3545674e+017
 -1.2545737e+017
 -1.0705353e+017
 -8.0435638e+016
 -5.5164648e+016
 -3.5692739e+016
 -2.3284260e+016
 -1.5735304e+016
 -1.1100076e+016
 -8.5986822e+015
 -6.0875054e+015
 -3.6891060e+015
 -3.0913698e+011
 -6.1682102e+011
 -1.2307052e+012
 -3.0128581e+012
 -6.0114902e+012
 -1.1994571e+013
 -2.3932203e+013
 -4.7748970e+013
 -9.5276663e+013
 -1.9021848e+014
 -3.8319156e+014
 -5.8615141e+014
 -8.4203115e+014
 -1.3100199e+015
 -1.8090681e+015
 -2.4912576e+015
 -4.0393593e+015
 -6.1682750e+015
 -9.6237510e+015
 -1.4594381e+016
 -2.1640100e+016
 -3.2595573e+016
 -4.8467094e+016
 -6.7495293e+016
 -8.9531891e+016
 -1.0959728e+017
 -1.2754146e+017
 -1.3739590e+017
 -1.4149985e+017
 -1.4071293e+017
 -1.3509924e+017
 -1.2470376e+017
 -1.0747029e+017
 -8.4100411e+016
 -6.1523080e+016
 -4.4155329e+016
 -3.3600446e+016
 -2.6793498e+016
 -2.0428918e+016
 -1.4448854e+016
 -7.8209986e+015
 -3.9998916e+015
 -3.4719633e+011
 -6.9276083e+011
 -1.3822233e+012
 -3.4953859e+012
 -6.9742748e+012
 -1.3915597e+013
 -2.7765128e+013
 -5.5396150e+013
 -1.1053610e+014
 -2.2057274e+014
 -4.4455470e+014
 -6.6656580e+014
 -9.4339539e+014
 -1.4637746e+015
 -1.9909708e+015
 -2.7356003e+015
 -4.3940464e+015
 -6.6238146e+015
 -1.0163228e+016
 -1.5174132e+016
 -2.2246403e+016
 -3.3288237e+016
 -4.9336634e+016
 -6.8469200e+016
 -9.0330676e+016
 -1.0992187e+017
 -1.2731044e+017
 -1.3691818e+017
 -1.4098105e+017
 -1.4024875e+017
 -1.3440536e+017
 -1.2377376e+017
 -1.0845276e+017
 -8.9372717e+016
 -7.0332389e+016
 -5.4681398e+016
 -4.3404644e+016
 -3.3434437e+016
 -2.3374913e+016
 -1.5421187e+016
 -7.9682552e+015
 -4.0199265e+015
 -3.4507829e+011
 -6.8853471e+011
 -1.3737912e+012
 -3.6401036e+012
 -7.2630385e+012
 -1.4491773e+013
 -2.8914729e+013
 -5.7689513e+013
 -1.1511303e+014
 -2.3028782e+014
 -4.6945646e+014
 -7.0068977e+014
 -9.9869004e+014
 -1.5877635e+015
 -2.1756255e+015
 -3.0421940e+015
 -4.9853203e+015
 -7.5993063e+015
 -1.1698092e+016
 -1.7337705e+016
 -2.4980054e+016
 -3.6406962e+016
 -5.2480775e+016
 -7.1322286e+016
 -9.2594345e+016
 -1.1134439e+017
 -1.2762527e+017
 -1.3644531e+017
 -1.4009027e+017
 -1.3919603e+017
 -1.3290408e+017
 -1.2275170e+017
 -1.1067701e+017
 -9.7262693e+016
 -8.2478486e+016
 -6.6997646e+016
 -5.1938163e+016
 -3.7517811e+016
 -2.4715035e+016
 -1.5795615e+016
 -8.0202234e+015
 -4.0271894e+015
 -3.8606794e+011
 -7.7032135e+011
 -1.5369751e+012
 -4.2075476e+012
 -8.3952598e+012
 -1.6750878e+013
 -3.3422200e+013
 -6.6682398e+013
 -1.3305801e+014
 -2.6659974e+014
 -5.4713274e+014
 -8.0955921e+014
 -1.1474031e+015
 -1.8219545e+015
 -2.4505874e+015
 -3.3843248e+015
 -5.4142247e+015
 -8.0681421e+015
 -1.2158606e+016
 -1.7765623e+016
 -2.5421739e+016
 -3.6991212e+016
 -5.3320963e+016
 -7.2335872e+016
 -9.3546432e+016
 -1.1191917e+017
 -1.2745848e+017
 -1.3555805e+017
 -1.3870331e+017
 -1.3736641e+017
 -1.3073031e+017
 -1.2237658e+017
 -1.1491817e+017
 -1.0782186e+017
 -9.6561766e+016
 -7.8436231e+016
 -5.7884434e+016
 -3.9743105e+016
 -2.5338994e+016
 -1.5959059e+016
 -8.0425162e+015
 -4.0301951e+015
 -4.2204036e+011
 -8.4209713e+011
 -1.6801849e+012
 -4.6866290e+012
 -9.3511703e+012
 -1.8658192e+013
 -3.7227762e+013
 -7.4274918e+013
 -1.4820857e+014
 -2.9683749e+014
 -6.0814651e+014
 -8.8186094e+014
 -1.2217001e+015
 -1.8952334e+015
 -2.4821857e+015
 -3.3786703e+015
 -5.3148946e+015
 -7.8450636e+015
 -1.1761122e+016
 -1.7157351e+016
 -2.4553246e+016
 -3.5786947e+016
 -5.1822637e+016
 -7.0704450e+016
 -9.1860530e+016
 -1.1017109e+017
 -1.2549899e+017
 -1.3327698e+017
 -1.3604755e+017
 -1.3408181e+017
 -1.2815683e+017
 -1.2344416e+017
 -1.2160259e+017
 -1.1983073e+017
 -1.0926008e+017
 -8.6327019e+016
 -6.1113939e+016
 -4.0781244e+016
 -2.5608960e+016
 -1.6027972e+016
 -8.0519128e+015
 -4.0314480e+015
 -4.4700487e+011
 -8.9190882e+011
 -1.7795711e+012
 -4.9353591e+012
 -9.8474562e+012
 -1.9648418e+013
 -3.9203514e+013
 -7.8216888e+013
 -1.5607425e+014
 -3.1221629e+014
 -6.3605862e+014
 -9.1252886e+014
 -1.2453658e+015
 -1.8951924e+015
 -2.4580945e+015
 -3.3210165e+015
 -5.1783260e+015
 -7.6096362e+015
 -1.1388660e+016
 -1.6620223e+016
 -2.3814583e+016
 -3.4739091e+016
 -5.0249537e+016
 -6.8423782e+016
 -8.8736763e+016
 -1.0634399e+017
 -1.2121380e+017
 -1.2883664e+017
 -1.3122340e+017
 -1.2910501e+017
 -1.2614893e+017
 -1.2673987e+017
 -1.2996117e+017
 -1.2953226e+017
 -1.1593149e+017
 -8.9216243e+016
 -6.2068181e+016
 -4.1060467e+016
 -2.5680592e+016
 -1.6046805e+016
 -8.0547992e+015
 -4.0319496e+015
 -4.3902648e+011
 -8.7598954e+011
 -1.7478083e+012
 -4.6778142e+012
 -9.3335685e+012
 -1.8623057e+013
 -3.7157675e+013
 -7.4135428e+013
 -1.4792926e+014
 -2.9530605e+014
 -5.9579870e+014
 -8.5683072e+014
 -1.1673832e+015
 -1.7613011e+015
 -2.3183184e+015
 -3.1382802e+015
 -4.9085893e+015
 -7.2276848e+015
 -1.0841866e+016
 -1.5865852e+016
 -2.2800178e+016
 -3.3352559e+016
 -4.8299015e+016
 -6.5585673e+016
 -8.4548817e+016
 -1.0078620e+017
 -1.1453236e+017
 -1.2158155e+017
 -1.2354871e+017
 -1.2329192e+017
 -1.2598272e+017
 -1.3172853e+017
 -1.3590181e+017
 -1.3074398e+017
 -1.1362126e+017
 -8.7370539e+016
 -6.1335991e+016
 -4.0837702e+016
 -2.5628029e+016
 -1.6034966e+016
 -8.0536796e+015
 -4.0319505e+015
 -3.9751877e+011
 -7.9316921e+011
 -1.5825620e+012
 -4.0133443e+012
 -8.0077477e+012
 -1.5977661e+013
 -3.1879465e+013
 -6.3604932e+013
 -1.2691575e+014
 -2.5303737e+014
 -5.0745236e+014
 -7.4800655e+014
 -1.0407988e+015
 -1.5834291e+015
 -2.1411068e+015
 -2.9103393e+015
 -4.5718158e+015
 -6.7529180e+015
 -1.0161077e+016
 -1.4906641e+016
 -2.1459168e+016
 -3.1423584e+016
 -4.5486256e+016
 -6.1551912e+016
 -7.8746891e+016
 -9.3098822e+016
 -1.0500572e+017
 -1.1084179e+017
 -1.1392748e+017
 -1.1864333e+017
 -1.2718435e+017
 -1.3312998e+017
 -1.3098747e+017
 -1.1969140e+017
 -1.0358401e+017
 -8.2188097e+016
 -5.9458216e+016
 -4.0277093e+016
 -2.5490475e+016
 -1.6002474e+016
 -8.0498061e+015
 -4.0314507e+015
 -3.4460619e+011
 -6.8759273e+011
 -1.3719117e+012
 -3.3236067e+012
 -6.6315178e+012
 -1.3231693e+013
 -2.6400578e+013
 -5.2673870e+013
 -1.0510348e+014
 -2.0964531e+014
 -4.2042654e+014
 -6.3956057e+014
 -9.1312333e+014
 -1.4041648e+015
 -1.9391759e+015
 -2.6426331e+015
 -4.1654551e+015
 -6.1682993e+015
 -9.3007135e+015
 -1.3661407e+016
 -1.9670321e+016
 -2.8767637e+016
 -4.1482731e+016
 -5.5707135e+016
 -7.0491975e+016
 -8.2344147e+016
 -9.1696790e+016
 -9.7765951e+016
 -1.0536934e+017
 -1.1489680e+017
 -1.2142536e+017
 -1.1893385e+017
 -1.1032567e+017
 -1.0001200e+017
 -8.9762768e+016
 -7.5252475e+016
 -5.6863080e+016
 -3.9478543e+016
 -2.5290829e+016
 -1.5953709e+016
 -8.0438049e+015
 -4.0307006e+015
 -2.9464571e+011
 -5.8790658e+011
 -1.1730140e+012
 -2.7567446e+012
 -5.5004654e+012
 -1.0974929e+013
 -2.1897768e+013
 -4.3690089e+013
 -8.7177214e+013
 -1.7390692e+014
 -3.4843547e+014
 -5.3957590e+014
 -7.8149072e+014
 -1.2074303e+015
 -1.6919412e+015
 -2.3094685e+015
 -3.6469910e+015
 -5.4050488e+015
 -8.1487999e+015
 -1.1955036e+016
 -1.7171602e+016
 -2.4997527e+016
 -3.5713386e+016
 -4.7231103e+016
 -5.8536914e+016
 -6.7478875e+016
 -7.6768035e+016
 -8.6186520e+016
 -9.4876302e+016
 -9.7377101e+016
 -9.2796378e+016
 -8.6906994e+016
 -8.2168374e+016
 -7.8928583e+016
 -7.5669100e+016
 -6.7785064e+016
 -5.3867684e+016
 -3.8515788e+016
 -2.5042673e+016
 -1.5892429e+016
 -8.0361769e+015
 -4.0297001e+015
 -2.3216227e+011
 -4.6323338e+011
 -9.2426122e+011
 -2.1255322e+012
 -4.2410199e+012
 -8.4619884e+012
 -1.6883818e+013
 -3.3686403e+013
 -6.7216118e+013
 -1.3405751e+014
 -2.6815821e+014
 -4.1946177e+014
 -6.1247653e+014
 -9.4786142e+014
 -1.3418823e+015
 -1.8329583e+015
 -2.8948288e+015
 -4.2850000e+015
 -6.4408695e+015
 -9.4043889e+015
 -1.3410759e+016
 -1.9277107e+016
 -2.6984125e+016
 -3.5124629e+016
 -4.3882629e+016
 -5.1779797e+016
 -5.7810685e+016
 -5.8792140e+016
 -5.6763513e+016
 -5.4437983e+016
 -5.3654148e+016
 -5.4888142e+016
 -5.7599298e+016
 -6.0963355e+016
 -6.3128207e+016
 -6.0530858e+016
 -5.0697490e+016
 -3.7434018e+016
 -2.4756098e+016
 -1.5820510e+016
 -8.0270471e+015
 -4.0284494e+015
 -1.1926269e+011
 -2.3796484e+011
 -4.7479669e+011
 -1.0776486e+012
 -2.1502037e+012
 -4.2902404e+012
 -8.5601211e+012
 -1.7079078e+013
 -3.4078656e+013
 -6.7929726e+013
 -1.3558852e+014
 -2.1283335e+014
 -3.1170464e+014
 -4.8221757e+014
 -6.8662729e+014
 -9.3509571e+014
 -1.4657577e+015
 -2.1472959e+015
 -3.1804629e+015
 -4.5544671e+015
 -6.3056567e+015
 -8.5792754e+015
 -1.0954910e+016
 -1.2712697e+016
 -1.3852844e+016
 -1.4504733e+016
 -1.5280526e+016
 -1.6560160e+016
 -1.8900713e+016
 -2.2500450e+016
 -2.7800967e+016
 -3.3598526e+016
 -4.0250824e+016
 -4.7211842e+016
 -5.2697313e+016
 -5.3865359e+016
 -4.7501343e+016
 -3.6276046e+016
 -2.4437311e+016
 -1.5739206e+016
 -8.0166661e+015
 -4.0271988e+015
 -1.8387349e+010
 -3.6688277e+010
 -7.3201873e+010
 -1.6559823e+011
 -3.3041374e+011
 -6.5926513e+011
 -1.3154017e+012
 -2.6244787e+012
 -5.2367385e+012
 -1.0351031e+013
 -2.0107099e+013
 -2.9588632e+013
 -4.0039791e+013
 -5.6470355e+013
 -7.2383788e+013
 -8.6807896e+013
 -1.0177043e+014
 -1.0245717e+014
 -8.8159650e+013
 -6.2845663e+013
 -3.3967389e+013
 -1.2385848e+013
 -3.2276938e+013
 -1.3909988e+014
 -4.1056826e+014
 -9.1515329e+014
 -1.9664756e+015
 -3.5834625e+015
 -6.1582825e+015
 -9.8805541e+015
 -1.5371140e+016
 -2.1556689e+016
 -2.8943317e+016
 -3.7112709e+016
 -4.4266626e+016
 -4.7926114e+016
 -4.4380007e+016
 -3.5068036e+016
 -2.4092131e+016
 -1.5649141e+016
 -8.0051590e+015
 -4.0254474e+015
 -2.0343547e+010
 -4.0591480e+010
 -8.0989695e+010
 -1.8302800e+011
 -3.6519089e+011
 -7.2865497e+011
 -1.4538521e+012
 -2.9007141e+012
 -5.7879225e+012
 -1.1468369e+013
 -2.2451062e+013
 -3.3697191e+013
 -4.6668578e+013
 -6.7430530e+013
 -8.8801941e+013
 -1.0966164e+014
 -1.3844194e+014
 -1.5654860e+014
 -1.6728234e+014
 -1.7208250e+014
 -1.7538626e+014
 -1.8167450e+014
 -1.9808002e+014
 -2.3444666e+014
 -3.1746740e+014
 -4.8443190e+014
 -8.9300802e+014
 -1.6517467e+015
 -3.0976054e+015
 -5.5427983e+015
 -9.6754665e+015
 -1.4868851e+016
 -2.1638196e+016
 -2.9752428e+016
 -3.7519065e+016
 -4.2718956e+016
 -4.1390658e+016
 -3.3831395e+016
 -2.3724826e+016
 -1.5552193e+016
 -7.9924006e+015
 -4.0236961e+015
 -1.9892452e+010
 -3.9691409e+010
 -7.9193840e+010
 -1.7869054e+011
 -3.5653646e+011
 -7.1138701e+011
 -1.4193982e+012
 -2.8319722e+012
 -5.6507577e+012
 -1.1208922e+013
 -2.2016604e+013
 -3.3336930e+013
 -4.6568316e+013
 -6.7709818e+013
 -8.9600416e+013
 -1.1077278e+014
 -1.4019937e+014
 -1.5913494e+014
 -1.7122080e+014
 -1.7840456e+014
 -1.8592807e+014
 -1.9964526e+014
 -2.2647607e+014
 -2.7172850e+014
 -3.5210054e+014
 -4.8377329e+014
 -7.6093310e+014
 -1.2413706e+015
 -2.1648619e+015
 -3.8156824e+015
 -6.8421776e+015
 -1.0978903e+016
 -1.6805580e+016
 -2.4332972e+016
 -3.2113961e+016
 -3.8190415e+016
 -3.8569429e+016
 -3.2585156e+016
 -2.3338885e+016
 -1.5448362e+016
 -7.9786413e+015
 -4.0219450e+015
 -1.9613294e+010
 -3.9134406e+010
 -7.8082485e+010
 -1.7589039e+011
 -3.5094936e+011
 -7.0023922e+011
 -1.3971555e+012
 -2.7875943e+012
 -5.5622072e+012
 -1.1041507e+013
 -2.1735144e+013
 -3.3109500e+013
 -4.6492277e+013
 -6.7795794e+013
 -8.9824415e+013
 -1.1084548e+014
 -1.3979286e+014
 -1.5813798e+014
 -1.6939361e+014
 -1.7567886e+014
 -1.8254602e+014
 -1.9597206e+014
 -2.2245738e+014
 -2.6640378e+014
 -3.4195484e+014
 -4.5962950e+014
 -6.9096856e+014
 -1.0643887e+015
 -1.7496481e+015
 -2.9652139e+015
 -5.2606945e+015
 -8.5630318e+015
 -1.3494620e+016
 -2.0274738e+016
 -2.7756875e+016
 -3.4264411e+016
 -3.5929896e+016
 -3.1343595e+016
 -2.2937413e+016
 -1.5338273e+016
 -7.9638811e+015
 -4.0199435e+015
 -1.9705237e+010
 -3.9317860e+010
 -7.8448520e+010
 -1.7648671e+011
 -3.5213918e+011
 -7.0261322e+011
 -1.4018922e+012
 -2.7970453e+012
 -5.5810643e+012
 -1.1083420e+013
 -2.1839910e+013
 -3.3365627e+013
 -4.6914009e+013
 -6.8354338e+013
 -9.0318564e+013
 -1.1105053e+014
 -1.3917110e+014
 -1.5654357e+014
 -1.6658036e+014
 -1.7145577e+014
 -1.7677311e+014
 -1.8838368e+014
 -2.1226920e+014
 -2.5212160e+014
 -3.2047478e+014
 -4.2561817e+014
 -6.2769997e+014
 -9.4253812e+014
 -1.4979414e+015
 -2.4588947e+015
 -4.2767975e+015
 -6.9632068e+015
 -1.1141071e+016
 -1.7176539e+016
 -2.4212296e+016
 -3.0860135e+016
 -3.3478117e+016
 -3.0116231e+016
 -2.2523123e+016
 -1.5221926e+016
 -7.9481199e+015
 -4.0176918e+015
 -2.0230936e+010
 -4.0366786e+010
 -8.0541378e+010
 -1.8105641e+011
 -3.6125697e+011
 -7.2080567e+011
 -1.4381908e+012
 -2.8694682e+012
 -5.7255722e+012
 -1.1370273e+013
 -2.2397821e+013
 -3.4192552e+013
 -4.7938994e+013
 -6.9512357e+013
 -9.1215419e+013
 -1.1155501e+014
 -1.3863686e+014
 -1.5484024e+014
 -1.6356069e+014
 -1.6702797e+014
 -1.7073747e+014
 -1.8028148e+014
 -2.0126667e+014
 -2.3673727e+014
 -2.9778565e+014
 -3.9152206e+014
 -5.7007924e+014
 -8.4373014e+014
 -1.3153303e+015
 -2.1129793e+015
 -3.6082848e+015
 -5.8422044e+015
 -9.4095997e+015
 -1.4764658e+016
 -2.1300135e+016
 -2.7900519e+016
 -3.1211120e+016
 -2.8910206e+016
 -2.2099120e+016
 -1.5100573e+016
 -7.9313578e+015
 -4.0154401e+015
 -2.1147343e+010
 -4.2195293e+010
 -8.4189686e+010
 -1.8918470e+011
 -3.7747512e+011
 -7.5316527e+011
 -1.5027565e+012
 -2.9982892e+012
 -5.9826140e+012
 -1.1877420e+013
 -2.3368282e+013
 -3.5559834e+013
 -4.9560437e+013
 -7.1292528e+013
 -9.2549721e+013
 -1.1237653e+014
 -1.3822475e+014
 -1.5311060e+014
 -1.6045970e+014
 -1.6261667e+014
 -1.6485492e+014
 -1.7245023e+014
 -1.9070642e+014
 -2.2216653e+014
 -2.7660872e+014
 -3.6016449e+014
 -5.1843992e+014
 -7.5972514e+014
 -1.1713105e+015
 -1.8558704e+015
 -3.1227317e+015
 -5.0181103e+015
 -8.0952192e+015
 -1.2850927e+016
 -1.8881881e+016
 -2.5320710e+016
 -2.9119916e+016
 -2.7735042e+016
 -2.1667343e+016
 -1.4974213e+016
 -7.9137199e+015
 -4.0131886e+015
 -4.9685277e+009
 -9.9137033e+009
 -1.9780206e+010
 -4.3334240e+010
 -8.6463575e+010
 -1.7251822e+011
 -3.4421785e+011
 -6.8678265e+011
 -1.3703622e+012
 -2.6905314e+012
 -5.0955665e+012
 -7.1326568e+012
 -8.8267239e+012
 -1.0875902e+013
 -1.1483921e+013
 -1.1662343e+013
 -9.7325186e+012
 -4.8436984e+012
  3.8973069e+012
  1.3976747e+013
  2.2890770e+013
  2.9669576e+013
  3.2740483e+013
  3.1902829e+013
  2.7467425e+013
  1.9531673e+013
  4.1650585e+012
 -1.9184703e+013
 -5.8484587e+013
 -1.2139430e+014
 -2.3040953e+014
 -3.8482119e+014
 -6.3536626e+014
 -1.0593298e+015
 -1.7289918e+015
 -2.8062817e+015
 -4.3400430e+015
 -6.2718502e+015
 -8.2122857e+015
 -8.7925198e+015
 -6.6663280e+015
 -3.8250386e+015
 -4.9685277e+009
 -9.9137033e+009
 -1.9780206e+010
 -4.3334240e+010
 -8.6463575e+010
 -1.7251822e+011
 -3.4421785e+011
 -6.8678265e+011
 -1.3703622e+012
 -2.6905314e+012
 -5.0955665e+012
 -7.1326568e+012
 -8.8267239e+012
 -1.0875902e+013
 -1.1483921e+013
 -1.1662343e+013
 -9.7325186e+012
 -4.8436984e+012
  3.8973069e+012
  1.3976747e+013
  2.2890770e+013
  2.9669576e+013
  3.2740483e+013
  3.1902829e+013
  2.7467425e+013
  1.9531673e+013
  4.1650585e+012
 -1.9184703e+013
 -5.8484587e+013
 -1.2139430e+014
 -2.3040953e+014
 -3.8482119e+014
 -6.3536626e+014
 -1.0593298e+015
 -1.7289918e+015
 -2.8062817e+015
 -4.3400430e+015
 -6.2718502e+015
 -8.2122857e+015
 -8.7925198e+015
 -6.6663280e+015
 -3.8250386e+015
 -4.9685277e+009
 -9.9137033e+009
 -1.9780206e+010
 -4.3334240e+010
 -8.6463575e+010
 -1.7251822e+011
 -3.4421785e+011
 -6.8678265e+011
 -1.3703622e+012
 -2.6905314e+012
 -5.0955665e+012
 -7.1326568e+012
 -8.8267239e+012
 -1.0875902e+013
 -1.1483921e+013
 -1.1662343e+013
 -9.7325186e+012
 -4.8436984e+012
  3.8973069e+012
  1.3976747e+013
  2.2890770e+013
  2.9669576e+013
  3.2740483e+013
  3.1902829e+013
  2.7467425e+013
  1.9531673e+013
  4.1650585e+012
 -1.9184703e+013
 -5.8484587e+013
 -1.2139430e+014
 -2.3040953e+014
 -3.8482119e+014
 -6.3536626e+014
 -1.0593298e+015
 -1.7289918e+015
 -2.8062817e+015
 -4.3400430e+015
 -6.2718502e+015
 -8.2122857e+015
 -8.7925198e+015
 -6.6663280e+015
 -3.8250386e+015
 -4.9685277e+009
 -9.9137033e+009
 -1.9780206e+010
 -4.3334240e+010
 -8.6463575e+010
 -1.7251822e+011
 -3.4421785e+011
 -6.8678265e+011
 -1.3703622e+012
 -2.6905314e+012
 -5.0955665e+012
 -7.1326568e+012
 -8.8267239e+012
 -1.0875902e+013
 -1.1483921e+013
 -1.1662343e+013
 -9.7325186e+012
 -4.8436984e+012
  3.8973069e+012
  1.3976747e+013
  2.2890770e+013
  2.9669576e+013
  3.2740483e+013
  3.1902829e+013
  2.7467425e+013
  1.9531673e+013
  4.1650585e+012
 -1.9184703e+013
 -5.8484587e+013
 -1.2139430e+014
 -2.3040953e+014
 -3.8482119e+014
 -6.3536626e+014
 -1.0593298e+015
 -1.7289918e+015
 -2.8062817e+015
 -4.3400430e+015
 -6.2718502e+015
 -8.2122857e+015
 -8.7925198e+015
 -6.6663280e+015
 -3.8250386e+015
 -4.9685277e+009
 -9.9137033e+009
 -1.9780206e+010
 -4.3334240e+010
 -8.6463575e+010
 -1.7251822e+011
 -3.4421785e+011
 -6.8678265e+011
 -1.3703622e+012
 -2.6905314e+012
 -5.0955665e+012
 -7.1326568e+012
 -8.8267239e+012
 -1.0875902e+013
 -1.1483921e+013
 -1.1662343e+013
 -9.7325186e+012
 -4.8436984e+012
  3.8973069e+012
  1.3976747e+013
  2.2890770e+013
  2.9669576e+013
  3.2740483e+013
  3.1902829e+013
  2.7467425e+013
  1.9531673e+013
  4.1650585e+012
 -1.9184703e+013
 -5.8484587e+013
 -1.2139430e+014
 -2.3040953e+014
 -3.8482119e+014
 -6.3536626e+014
 -1.0593298e+015
 -1.7289918e+015
 -2.8062817e+015
 -4.3400430e+015
 -6.2718502e+015
 -8.2122857e+015
 -8.7925198e+015
 -6.6663280e+015
 -3.8250386e+015
 -4.9685277e+009
 -9.9137033e+009
 -1.9780206e+010
 -4.3334240e+010
 -8.6463575e+010
 -1.7251822e+011
 -3.4421785e+011
 -6.8678265e+011
 -1.3703622e+012
 -2.6905314e+012
 -5.0955665e+012
 -7.1326568e+012
 -8.8267239e+012
 -1.0875902e+013
 -1.1483921e+013
 -1.1662343e+013
 -9.7325186e+012
 -4.8436984e+012
  3.8973069e+012
  1.3976747e+013
  2.2890770e+013
  2.9669576e+013
  3.2740483e+013
  3.1902829e+013
  2.7467425e+013
  1.9531673e+013
  4.1650585e+012
 -1.9184703e+013
 -5.8484587e+013
 -1.2139430e+014
 -2.3040953e+014
 -3.8482119e+014
 -6.3536626e+014
 -1.0593298e+015
 -1.7289918e+015
 -2.8062817e+015
 -4.3400430e+015
 -6.2718502e+015
 -8.2122857e+015
 -8.7925198e+015
 -6.6663280e+015
 -3.8250386e+015
 -4.9685277e+009
 -9.9137033e+009
 -1.9780206e+010
 -4.3334240e+010
 -8.6463575e+010
 -1.7251822e+011
 -3.4421785e+011
 -6.8678265e+011
 -1.3703622e+012
 -2.6905314e+012
 -5.0955665e+012
 -7.1326568e+012
 -8.8267239e+012
 -1.0875902e+013
 -1.1483921e+013
 -1.1662343e+013
 -9.7325186e+012
 -4.8436984e+012
  3.8973069e+012
  1.3976747e+013
  2.2890770e+013
  2.9669576e+013
  3.2740483e+013
  3.1902829e+013
  2.7467425e+013
  1.9531673e+013
  4.1650585e+012
 -1.9184703e+013
 -5.8484587e+013
 -1.2139430e+014
 -2.3040953e+014
 -3.8482119e+014
 -6.3536626e+014
 -1.0593298e+015
 -1.7289918e+015
 -2.8062817e+015
 -4.3400430e+015
 -6.2718502e+015
 -8.2122857e+015
 -8.7925198e+015
 -6.6663280e+015
 -3.8250386e+015
 -4.9685277e+009
 -9.9137033e+009
 -1.9780206e+010
 -4.3334240e+010
 -8.6463575e+010
 -1.7251822e+011
 -3.4421785e+011
 -6.8678265e+011
 -1.3703622e+012
 -2.6905314e+012
 -5.0955665e+012
 -7.1326568e+012
 -8.8267239e+012
 -1.0875902e+013
 -1.1483921e+013
 -1.1662343e+013
 -9.7325186e+012
 -4.8436984e+012
  3.8973069e+012
  1.3976747e+013
  2.2890770e+013
  2.9669576e+013
  3.2740483e+013
  3.1902829e+013
  2.7467425e+013
  1.9531673e+013
  4.1650585e+012
 -1.9184703e+013
 -5.8484587e+013
 -1.2139430e+014
 -2.3040953e+014
 -3.8482119e+014
 -6.3536626e+014
 -1.0593298e+015
 -1.7289918e+015
 -2.8062817e+015
 -4.3400430e+015
 -6.2718502e+015
 -8.2122857e+015
 -8.7925198e+015
 -6.6663280e+015
 -3.8250386e+015
 -4.9685277e+009
 -9.9137033e+009
 -1.9780206e+010
 -4.3334240e+010
 -8.6463575e+010
 -1.7251822e+011
 -3.4421785e+011
 -6.8678265e+011
 -1.3703622e+012
 -2.6905314e+012
 -5.0955665e+012
 -7.1326568e+012
 -8.8267239e+012
 -1.0875902e+013
 -1.1483921e+013
 -1.1662343e+013
 -9.7325186e+012
 -4.8436984e+012
  3.8973069e+012
  1.3976747e+013
  2.2890770e+013
  2.9669576e+013
  3.2740483e+013
  3.1902829e+013
  2.7467425e+013
  1.9531673e+013
  4.1650585e+012
 -1.9184703e+013
 -5.8484587e+013
 -1.2139430e+014
 -2.3040953e+014
 -3.8482119e+014
 -6.3536626e+014
 -1.0593298e+015
 -1.7289918e+015
 -2.8062817e+015
 -4.3400430e+015
 -6.2718502e+015
 -8.2122857e+015
 -8.7925198e+015
 -6.6663280e+015
 -3.8250386e+015
 -4.9685277e+009
 -9.9137033e+009
 -1.9780206e+010
 -4.3334240e+010
 -8.6463575e+010
 -1.7251822e+011
 -3.4421785e+011
 -6.8678265e+011
 -1.3703622e+012
 -2.6905314e+012
 -5.0955665e+012
 -7.1326568e+012
 -8.8267239e+012
 -1.0875902e+013
 -1.1483921e+013
 -1.1662343e+013
 -9.7325186e+012
 -4.8436984e+012
  3.8973069e+012
  1.3976747e+013
  2.2890770e+013
  2.9669576e+013
  3.2740483e+013
  3.1902829e+013
  2.7467425e+013
  1.9531673e+013
  4.1650585e+012
 -1.9184703e+013
 -5.8484587e+013
 -1.2139430e+014
 -2.3040953e+014
 -3.8482119e+014
 -6.3536626e+014
 -1.0593298e+015
 -1.7289918e+015
 -2.8062817e+015
 -4.3400430e+015
 -6.2718502e+015
 -8.2122857e+015
 -8.7925198e+015
 -6.6663280e+015
 -3.8250386e+015
 -4.9685277e+009
 -9.9137033e+009
 -1.9780206e+010
 -4.3334240e+010
 -8.6463575e+010
 -1.7251822e+011
 -3.4421785e+011
 -6.8678265e+011
 -1.3703622e+012
 -2.6905314e+012
 -5.0955665e+012
 -7.1326568e+012
 -8.8267239e+012
 -1.0875902e+013
 -1.1483921e+013
 -1.1662343e+013
 -9.7325186e+012
 -4.8436984e+012
  3.8973069e+012
  1.3976747e+013
  2.2890770e+013
  2.9669576e+013
  3.2740483e+013
  3.1902829e+013
  2.7467425e+013
  1.9531673e+013
  4.1650585e+012
 -1.9184703e+013
 -5.8484587e+013
 -1.2139430e+014
 -2.3040953e+014
 -3.8482119e+014
 -6.3536626e+014
 -1.0593298e+015
 -1.7289918e+015
 -2.8062817e+015
 -4.3400430e+015
 -6.2718502e+015
 -8.2122857e+015
 -8.7925198e+015
 -6.6663280e+015
 -3.8250386e+015
 -4.9685277e+009
 -9.9137033e+009
 -1.9780206e+010
 -4.3334240e+010
 -8.6463575e+010
 -1.7251822e+011
 -3.4421785e+011
 -6.8678265e+011
 -1.3703622e+012
 -2.6905314e+012
 -5.0955665e+012
 -7.1326568e+012
 -8.8267239e+012
 -1.0875902e+013
 -1.1483921e+013
 -1.1662343e+013
 -9.7325186e+012
 -4.8436984e+012
  3.8973069e+012
  1.3976747e+013
  2.2890770e+013
  2.9669576e+013
  3.2740483e+013
  3.1902829e+013
  2.7467425e+013
  1.9531673e+013
  4.1650585e+012
 -1.9184703e+013
 -5.8484587e+013
 -1.2139430e+014
 -2.3040953e+014
 -3.8482119e+014
 -6.3536626e+014
 -1.0593298e+015
 -1.7289918e+015
 -2.8062817e+015
 -4.3400430e+015
 -6.2718502e+015
 -8.2122857e+015
 -8.7925198e+015
 -6.6663280e+015
 -3.8250386e+015
 -4.9685277e+009
 -9.9137033e+009
 -1.9780206e+010
 -4.3334240e+010
 -8.6463575e+010
 -1.7251822e+011
 -3.4421785e+011
 -6.8678265e+011
 -1.3703622e+012
 -2.6905314e+012
 -5.0955665e+012
 -7.1326568e+012
 -8.8267239e+012
 -1.0875902e+013
 -1.1483921e+013
 -1.1662343e+013
 -9.7325186e+012
 -4.8436984e+012
  3.8973069e+012
  1.3976747e+013
  2.2890770e+013
  2.9669576e+013
  3.2740483e+013
  3.1902829e+013
  2.7467425e+013
  1.9531673e+013
  4.1650585e+012
 -1.9184703e+013
 -5.8484587e+013
 -1.2139430e+014
 -2.3040953e+014
 -3.8482119e+014
 -6.3536626e+014
 -1.0593298e+015
 -1.7289918e+015
 -2.8062817e+015
 -4.3400430e+015
 -6.2718502e+015
 -8.2122857e+015
 -8.7925198e+015
 -6.6663280e+015
 -3.8250386e+015
 -4.9685277e+009
 -9.9137033e+009
 -1.9780206e+010
 -4.3334240e+010
 -8.6463575e+010
 -1.7251822e+011
 -3.4421785e+011
 -6.8678265e+011
 -1.3703622e+012
 -2.6905314e+012
 -5.0955665e+012
 -7.1326568e+012
 -8.8267239e+012
 -1.0875902e+013
 -1.1483921e+013
 -1.1662343e+013
 -9.7325186e+012
 -4.8436984e+012
  3.8973069e+012
  1.3976747e+013
  2.2890770e+013
  2.9669576e+013
  3.2740483e+013
  3.1902829e+013
  2.7467425e+013
  1.9531673e+013
  4.1650585e+012
 -1.9184703e+013
 -5.8484587e+013
 -1.2139430e+014
 -2.3040953e+014
 -3.8482119e+014
 -6.3536626e+014
 -1.0593298e+015
 -1.7289918e+015
 -2.8062817e+015
 -4.3400430e+015
 -6.2718502e+015
 -8.2122857e+015
 -8.7925198e+015
 -6.6663280e+015
 -3.8250386e+015
 -4.9685277e+009
 -9.9137033e+009
 -1.9780206e+010
 -4.3334240e+010
 -8.6463575e+010
 -1.7251822e+011
 -3.4421785e+011
 -6.8678265e+011
 -1.3703622e+012
 -2.6905314e+012
 -5.0955665e+012
 -7.1326568e+012
 -8.8267239e+012
 -1.0875902e+013
 -1.1483921e+013
 -1.1662343e+013
 -9.7325186e+012
 -4.8436984e+012
  3.8973069e+012
  1.3976747e+013
  2.2890770e+013
  2.9669576e+013
  3.2740483e+013
  3.1902829e+013
  2.7467425e+013
  1.9531673e+013
  4.1650585e+012
 -1.9184703e+013
 -5.8484587e+013
 -1.2139430e+014
 -2.3040953e+014
 -3.8482119e+014
 -6.3536626e+014
 -1.0593298e+015
 -1.7289918e+015
 -2.8062817e+015
 -4.3400430e+015
 -6.2718502e+015
 -8.2122857e+015
 -8.7925198e+015
 -6.6663280e+015
 -3.8250386e+015
 -4.9685277e+009
 -9.9137033e+009
 -1.9780206e+010
 -4.3334240e+010
 -8.6463575e+010
 -1.7251822e+011
 -3.4421785e+011
 -6.8678265e+011
 -1.3703622e+012
 -2.6905314e+012
 -5.0955665e+012
 -7.1326568e+012
 -8.8267239e+012
 -1.0875902e+013
 -1.1483921e+013
 -1.1662343e+013
 -9.7325186e+012
 -4.8436984e+012
  3.8973069e+012
  1.3976747e+013
  2.2890770e+013
  2.9669576e+013
  3.2740483e+013
  3.1902829e+013
  2.7467425e+013
  1.9531673e+013
  4.1650585e+012
 -1.9184703e+013
 -5.8484587e+013
 -1.2139430e+014
 -2.3040953e+014
 -3.8482119e+014
 -6.3536626e+014
 -1.0593298e+015
 -1.7289918e+015
 -2.8062817e+015
 -4.3400430e+015
 -6.2718502e+015
 -8.2122857e+015
 -8.7925198e+015
 -6.6663280e+015
 -3.8250386e+015
 -4.9685277e+009
 -9.9137033e+009
 -1.9780206e+010
 -4.3334240e+010
 -8.6463575e+010
 -1.7251822e+011
 -3.4421785e+011
 -6.8678265e+011
 -1.3703622e+012
 -2.6905314e+012
 -5.0955665e+012
 -7.1326568e+012
 -8.8267239e+012
 -1.0875902e+013
 -1.1483921e+013
 -1.1662343e+013
 -9.7325186e+012
 -4.8436984e+012
  3.8973069e+012
  1.3976747e+013
  2.2890770e+013
  2.9669576e+013
  3.2740483e+013
  3.1902829e+013
  2.7467425e+013
  1.9531673e+013
  4.1650585e+012
 -1.9184703e+013
 -5.8484587e+013
 -1.2139430e+014
 -2.3040953e+014
 -3.8482119e+014
 -6.3536626e+014
 -1.0593298e+015
 -1.7289918e+015
 -2.8062817e+015
 -4.3400430e+015
 -6.2718502e+015
 -8.2122857e+015
 -8.7925198e+015
 -6.6663280e+015
 -3.8250386e+015
 -4.9685277e+009
 -9.9137033e+009
 -1.9780206e+010
 -4.3334240e+010
 -8.6463575e+010
 -1.7251822e+011
 -3.4421785e+011
 -6.8678265e+011
 -1.3703622e+012
 -2.6905314e+012
 -5.0955665e+012
 -7.1326568e+012
 -8.8267239e+012
 -1.0875902e+013
 -1.1483921e+013
 -1.1662343e+013
 -9.7325186e+012
 -4.8436984e+012
  3.8973069e+012
  1.3976747e+013
  2.2890770e+013
  2.9669576e+013
  3.2740483e+013
  3.1902829e+013
  2.7467425e+013
  1.9531673e+013
  4.1650585e+012
 -1.9184703e+013
 -5.8484587e+013
 -1.2139430e+014
 -2.3040953e+014
 -3.8482119e+014
 -6.3536626e+014
 -1.0593298e+015
 -1.7289918e+015
 -2.8062817e+015
 -4.3400430e+015
 -6.2718502e+015
 -8.2122857e+015
 -8.7925198e+015
 -6.6663280e+015
 -3.8250386e+015
 -4.9685277e+009
 -9.9137033e+009
 -1.9780206e+010
 -4.3334240e+010
 -8.6463575e+010
 -1.7251822e+011
 -3.4421785e+011
 -6.8678265e+011
 -1.3703622e+012
 -2.6905314e+012
 -5.0955665e+012
 -7.1326568e+012
 -8.8267239e+012
 -1.0875902e+013
 -1.1483921e+013
 -1.1662343e+013
 -9.7325186e+012
 -4.8436984e+012
  3.8973069e+012
  1.3976747e+013
  2.2890770e+013
  2.9669576e+013
  3.2740483e+013
  3.1902829e+013
  2.7467425e+013
  1.9531673e+013
  4.1650585e+012
 -1.9184703e+013
 -5.8484587e+013
 -1.2139430e+014
 -2.3040953e+014
 -3.8482119e+014
 -6.3536626e+014
 -1.0593298e+015
 -1.7289918e+015
 -2.8062817e+015
 -4.3400430e+015
 -6.2718502e+015
 -8.2122857e+015
 -8.7925198e+015
 -6.6663280e+015
 -3.8250386e+015
 -4.9685277e+009
 -9.9137033e+009
 -1.9780206e+010
 -4.3334240e+010
 -8.6463575e+010
 -1.7251822e+011
 -3.4421785e+011
 -6.8678265e+011
 -1.3703622e+012
 -2.6905314e+012
 -5.0955665e+012
 -7.1326568e+012
 -8.8267239e+012
 -1.0875902e+013
 -1.1483921e+013
 -1.1662343e+013
 -9.7325186e+012
 -4.8436984e+012
  3.8973069e+012
  1.3976747e+013
  2.2890770e+013
  2.9669576e+013
  3.2740483e+013
  3.1902829e+013
  2.7467425e+013
  1.9531673e+013
  4.1650585e+012
 -1.9184703e+013
 -5.8484587e+013
 -1.2139430e+014
 -2.3040953e+014
 -3.8482119e+014
 -6.3536626e+014
 -1.0593298e+015
 -1.7289918e+015
 -2.8062817e+015
 -4.3400430e+015
 -6.2718502e+015
 -8.2122857e+015
 -8.7925198e+015
 -6.6663280e+015
 -3.8250386e+015
 -4.9685277e+009
 -9.9137033e+009
 -1.9780206e+010
 -4.3334240e+010
 -8.6463575e+010
 -1.7251822e+011
 -3.4421785e+011
 -6.8678265e+011
 -1.3703622e+012
 -2.6905314e+012
 -5.0955665e+012
 -7.1326568e+012
 -8.8267239e+012
 -1.0875902e+013
 -1.1483921e+013
 -1.1662343e+013
 -9.7325186e+012
 -4.8436984e+012
  3.8973069e+012
  1.3976747e+013
  2.2890770e+013
  2.9669576e+013
  3.2740483e+013
  3.1902829e+013
  2.7467425e+013
  1.9531673e+013
  4.1650585e+012
 -1.9184703e+013
 -5.8484587e+013
 -1.2139430e+014
 -2.3040953e+014
 -3.8482119e+014
 -6.3536626e+014
 -1.0593298e+015
 -1.7289918e+015
 -2.8062817e+015
 -4.3400430e+015
 -6.2718502e+015
 -8.2122857e+015
 -8.7925198e+015
 -6.6663280e+015
 -3.8250386e+015
 -4.9685277e+009
 -9.9137033e+009
 -1.9780206e+010
 -4.3334240e+010
 -8.6463575e+010
 -1.7251822e+011
 -3.4421785e+011
 -6.8678265e+011
 -1.3703622e+012
 -2.6905314e+012
 -5.0955665e+012
 -7.1326568e+012
 -8.8267239e+012
 -1.0875902e+013
 -1.1483921e+013
 -1.1662343e+013
 -9.7325186e+012
 -4.8436984e+012
  3.8973069e+012
  1.3976747e+013
  2.2890770e+013
  2.9669576e+013
  3.2740483e+013
  3.1902829e+013
  2.7467425e+013
  1.9531673e+013
  4.1650585e+012
 -1.9184703e+013
 -5.8484587e+013
 -1.2139430e+014
 -2.3040953e+014
 -3.8482119e+014
 -6.3536626e+014
 -1.0593298e+015
 -1.7289918e+015
 -2.8062817e+015
 -4.3400430e+015
 -6.2718502e+015
 -8.2122857e+015
 -8.7925198e+015
 -6.6663280e+015
 -3.8250386e+015
 -4.9685277e+009
 -9.9137033e+009
 -1.9780206e+010
 -4.3334240e+010
 -8.6463575e+010
 -1.7251822e+011
 -3.4421785e+011
 -6.8678265e+011
 -1.3703622e+012
 -2.6905314e+012
 -5.0955665e+012
 -7.1326568e+012
 -8.8267239e+012
 -1.0875902e+013
 -1.1483921e+013
 -1.1662343e+013
 -9.7325186e+012
 -4.8436984e+012
  3.8973069e+012
  1.3976747e+013
  2.2890770e+013
  2.9669576e+013
  3.2740483e+013
  3.1902829e+013
  2.7467425e+013
  1.9531673e+013
  4.1650585e+012
 -1.9184703e+013
 -5.8484587e+013
 -1.2139430e+014
 -2.3040953e+014
 -3.8482119e+014
 -6.3536626e+014
 -1.0593298e+015
 -1.7289918e+015
 -2.8062817e+015
 -4.3400430e+015
 -6.2718502e+015
 -8.2122857e+015
 -8.7925198e+015
 -6.6663280e+015
 -3.8250386e+015
 -4.9685277e+009
 -9.9137033e+009
 -1.9780206e+010
 -4.3334240e+010
 -8.6463575e+010
 -1.7251822e+011
 -3.4421785e+011
 -6.8678265e+011
 -1.3703622e+012
 -2.6905314e+012
 -5.0955665e+012
 -7.1326568e+012
 -8.8267239e+012
 -1.0875902e+013
 -1.1483921e+013
 -1.1662343e+013
 -9.7325186e+012
 -4.8436984e+012
  3.8973069e+012
  1.3976747e+013
  2.2890770e+013
  2.9669576e+013
  3.2740483e+013
  3.1902829e+013
  2.7467425e+013
  1.9531673e+013
  4.1650585e+012
 -1.9184703e+013
 -5.8484587e+013
 -1.2139430e+014
 -2.3040953e+014
 -3.8482119e+014
 -6.3536626e+014
 -1.0593298e+015
 -1.7289918e+015
 -2.8062817e+015
 -4.3400430e+015
 -6.2718502e+015
 -8.2122857e+015
 -8.7925198e+015
 -6.6663280e+015
 -3.8250386e+015
 -4.9685277e+009
 -9.9137033e+009
 -1.9780206e+010
 -4.3334240e+010
 -8.6463575e+010
 -1.7251822e+011
 -3.4421785e+011
 -6.8678265e+011
 -1.3703622e+012
 -2.6905314e+012
 -5.0955665e+012
 -7.1326568e+012
 -8.8267239e+012
 -1.0875902e+013
 -1.1483921e+013
 -1.1662343e+013
 -9.7325186e+012
 -4.8436984e+012
  3.8973069e+012
  1.3976747e+013
  2.2890770e+013
  2.9669576e+013
  3.2740483e+013
  3.1902829e+013
  2.7467425e+013
  1.9531673e+013
  4.1650585e+012
 -1.9184703e+013
 -5.8484587e+013
 -1.2139430e+014
 -2.3040953e+014
 -3.8482119e+014
 -6.3536626e+014
 -1.0593298e+015
 -1.7289918e+015
 -2.8062817e+015
 -4.3400430e+015
 -6.2718502e+015
 -8.2122857e+015
 -8.7925198e+015
 -6.6663280e+015
 -3.8250386e+015
