*
E_r (V/cm)	gamma_i	gamma_e	Q_i	Q_e
  0.308221	 -0.9918992E+02	 -0.3000000E+01	 -0.2185615E+20	  0.4756320E+18	 -0.1011069E+20	  0.1704947E+19
  0.308221	 -0.9786074E+02	 -0.2959799E+01	 -0.2193350E+20	  0.4650280E+18	 -0.9045855E+19	  0.1721921E+19
  0.308221	 -0.9653156E+02	 -0.2919598E+01	 -0.2193732E+20	  0.4481424E+18	 -0.7823136E+19	  0.1746291E+19
  0.308221	 -0.9520239E+02	 -0.2879397E+01	 -0.2206964E+20	  0.4408344E+18	 -0.6752070E+19	  0.1759669E+19
  0.308221	 -0.9387321E+02	 -0.2839196E+01	 -0.2174397E+20	  0.4264305E+18	 -0.5590868E+19	  0.1781393E+19
  0.308221	 -0.9254403E+02	 -0.2798995E+01	 -0.2225757E+20	  0.4138605E+18	 -0.4411254E+19	  0.1801114E+19
  0.308221	 -0.9121485E+02	 -0.2758794E+01	 -0.2227118E+20	  0.4052644E+18	 -0.3259580E+19	  0.1816355E+19
  0.308221	 -0.8988567E+02	 -0.2718593E+01	 -0.2202176E+20	  0.4004608E+18	 -0.2196890E+19	  0.1827331E+19
  0.308221	 -0.8855649E+02	 -0.2678392E+01	 -0.2150251E+20	  0.3988962E+18	 -0.1158774E+19	  0.1834690E+19
  0.308221	 -0.8722732E+02	 -0.2638191E+01	 -0.2107421E+20	  0.3984363E+18	 -0.1423318E+18	  0.1840908E+19
  0.308221	 -0.8589814E+02	 -0.2597990E+01	 -0.2098375E+20	  0.3975953E+18	  0.8814263E+18	  0.1847713E+19
  0.308221	 -0.8456896E+02	 -0.2557789E+01	 -0.2077506E+20	  0.3951545E+18	  0.1940003E+19	  0.1856520E+19
  0.308221	 -0.8323978E+02	 -0.2517588E+01	 -0.1912154E+20	  0.3910199E+18	  0.3004199E+19	  0.1867443E+19
  0.308221	 -0.8191060E+02	 -0.2477387E+01	 -0.1907008E+20	  0.3830068E+18	  0.4184182E+19	  0.1883021E+19
  0.308221	 -0.8058143E+02	 -0.2437186E+01	 -0.1928964E+20	  0.3822388E+18	  0.5059130E+19	  0.1890372E+19
  0.308221	 -0.7925225E+02	 -0.2396985E+01	 -0.1917056E+20	  0.3802692E+18	  0.5905947E+19	  0.1899289E+19
  0.308221	 -0.7792307E+02	 -0.2356784E+01	 -0.1882222E+20	  0.3798410E+18	  0.6706602E+19	  0.1906603E+19
  0.308221	 -0.7659389E+02	 -0.2316583E+01	 -0.1762655E+20	  0.3805221E+18	  0.7407195E+19	  0.1912821E+19
  0.308221	 -0.7526471E+02	 -0.2276382E+01	 -0.1704401E+20	  0.3818538E+18	  0.8032047E+19	  0.1918480E+19
  0.308221	 -0.7393554E+02	 -0.2236181E+01	 -0.1649557E+20	  0.3838739E+18	  0.8583563E+19	  0.1923546E+19
  0.308221	 -0.7260636E+02	 -0.2195980E+01	 -0.1590497E+20	  0.3867095E+18	  0.9037322E+19	  0.1927881E+19
  0.308221	 -0.7127718E+02	 -0.2155779E+01	 -0.1529138E+20	  0.3903530E+18	  0.9403962E+19	  0.1931503E+19
  0.308221	 -0.6994800E+02	 -0.2115578E+01	 -0.1477427E+20	  0.3957405E+18	  0.9655654E+19	  0.1933339E+19
  0.308221	 -0.6861882E+02	 -0.2075377E+01	 -0.1408978E+20	  0.3991170E+18	  0.9821734E+19	  0.1937745E+19
  0.308221	 -0.6728964E+02	 -0.2035176E+01	 -0.1336014E+20	  0.4031208E+18	  0.9921968E+19	  0.1941679E+19
  0.308221	 -0.6596047E+02	 -0.1994975E+01	 -0.1262223E+20	  0.4081558E+18	  0.9935744E+19	  0.1944688E+19
  0.308221	 -0.6463129E+02	 -0.1954774E+01	 -0.1198913E+20	  0.4144494E+18	  0.9840418E+19	  0.1946523E+19
  0.308221	 -0.6330211E+02	 -0.1914573E+01	 -0.1109018E+20	  0.4194341E+18	  0.9644892E+19	  0.1950169E+19
  0.308221	 -0.6197293E+02	 -0.1874372E+01	 -0.1039084E+20	  0.4248484E+18	  0.9352248E+19	  0.1953637E+19
  0.308221	 -0.6064375E+02	 -0.1834171E+01	 -0.9625534E+19	  0.4307496E+18	  0.8973263E+19	  0.1956880E+19
  0.308221	 -0.5931458E+02	 -0.1793970E+01	 -0.8797246E+19	  0.4370949E+18	  0.8523308E+19	  0.1959966E+19
  0.308221	 -0.5798540E+02	 -0.1753769E+01	 -0.8026328E+19	  0.4435433E+18	  0.7993942E+19	  0.1963310E+19
  0.308221	 -0.5665622E+02	 -0.1713568E+01	 -0.7230952E+19	  0.4499904E+18	  0.7446107E+19	  0.1967087E+19
  0.308221	 -0.5532704E+02	 -0.1673367E+01	 -0.6449538E+19	  0.4564287E+18	  0.6829349E+19	  0.1971335E+19
  0.308221	 -0.5399786E+02	 -0.1633166E+01	 -0.5701286E+19	  0.4630350E+18	  0.6166772E+19	  0.1975863E+19
  0.308221	 -0.5266868E+02	 -0.1592965E+01	 -0.5003698E+19	  0.4698938E+18	  0.5525781E+19	  0.1980610E+19
  0.308221	 -0.5133951E+02	 -0.1552764E+01	 -0.4369676E+19	  0.4769346E+18	  0.4969609E+19	  0.1985733E+19
  0.308221	 -0.5001033E+02	 -0.1512563E+01	 -0.3810553E+19	  0.4840004E+18	  0.4308186E+19	  0.1991452E+19
  0.308221	 -0.4868115E+02	 -0.1472362E+01	 -0.3315499E+19	  0.4911264E+18	  0.3763261E+19	  0.1997763E+19
  0.308221	 -0.4735197E+02	 -0.1432161E+01	 -0.2873507E+19	  0.4982575E+18	  0.3271258E+19	  0.2004775E+19
  0.308221	 -0.4602279E+02	 -0.1391960E+01	 -0.2487239E+19	  0.5054143E+18	  0.2834133E+19	  0.2012515E+19
  0.308221	 -0.4469362E+02	 -0.1351759E+01	 -0.2219090E+19	  0.5125380E+18	  0.2448494E+19	  0.2021102E+19
  0.308221	 -0.4336444E+02	 -0.1311558E+01	 -0.1899308E+19	  0.5195639E+18	  0.2109854E+19	  0.2030659E+19
  0.308221	 -0.4203526E+02	 -0.1271357E+01	 -0.1608775E+19	  0.5265323E+18	  0.1810206E+19	  0.2041172E+19
  0.308221	 -0.4070608E+02	 -0.1231156E+01	 -0.1343270E+19	  0.5334882E+18	  0.1548781E+19	  0.2052626E+19
  0.308221	 -0.3937690E+02	 -0.1190955E+01	 -0.1120629E+19	  0.5405969E+18	  0.1319034E+19	  0.2064896E+19
  0.308221	 -0.3804772E+02	 -0.1150754E+01	 -0.9432797E+18	  0.5478772E+18	  0.1122644E+19	  0.2078002E+19
  0.308221	 -0.3671855E+02	 -0.1110553E+01	 -0.8042213E+18	  0.5552576E+18	  0.8503791E+18	  0.2092089E+19
  0.308221	 -0.3538937E+02	 -0.1070352E+01	 -0.7013491E+18	  0.5628432E+18	  0.7522758E+18	  0.2107106E+19
  0.308221	 -0.3406019E+02	 -0.1030151E+01	 -0.6232836E+18	  0.5705466E+18	  0.6852520E+18	  0.2123227E+19
  0.308221	 -0.3273101E+02	 -0.9899497E+00	 -0.5664520E+18	  0.5783543E+18	  0.6067305E+18	  0.2140560E+19
  0.308221	 -0.3140183E+02	 -0.9497487E+00	 -0.5128901E+18	  0.5862118E+18	  0.5302115E+18	  0.2159292E+19
  0.308221	 -0.3007266E+02	 -0.9095477E+00	 -0.4613984E+18	  0.5941298E+18	  0.4687656E+18	  0.2179538E+19
  0.308221	 -0.2874348E+02	 -0.8693467E+00	 -0.4135929E+18	  0.6021644E+18	  0.4203429E+18	  0.2201397E+19
  0.308221	 -0.2741430E+02	 -0.8291457E+00	 -0.3679681E+18	  0.6103769E+18	  0.3860653E+18	  0.2224984E+19
  0.308221	 -0.2608512E+02	 -0.7889447E+00	 -0.3265773E+18	  0.6188279E+18	  0.3590156E+18	  0.2250445E+19
  0.308221	 -0.2475594E+02	 -0.7487437E+00	 -0.2913496E+18	  0.6275832E+18	  0.3396870E+18	  0.2277950E+19
  0.308221	 -0.2342677E+02	 -0.7085427E+00	 -0.2638921E+18	  0.6367304E+18	  0.3277637E+18	  0.2307690E+19
  0.308221	 -0.2209759E+02	 -0.6683417E+00	 -0.2430695E+18	  0.6463335E+18	  0.3206856E+18	  0.2339941E+19
  0.308221	 -0.2076841E+02	 -0.6281407E+00	 -0.2254725E+18	  0.6564562E+18	  0.3042584E+18	  0.2375051E+19
  0.308221	 -0.1943923E+02	 -0.5879397E+00	 -0.2126857E+18	  0.6672229E+18	  0.3077804E+18	  0.2413377E+19
  0.308221	 -0.1811005E+02	 -0.5477387E+00	 -0.2016276E+18	  0.6787305E+18	  0.3170827E+18	  0.2455428E+19
  0.308221	 -0.1678087E+02	 -0.5075377E+00	 -0.1899286E+18	  0.6911123E+18	  0.3277978E+18	  0.2501822E+19
  0.308221	 -0.1545170E+02	 -0.4673367E+00	 -0.1780592E+18	  0.7045475E+18	  0.3396844E+18	  0.2553325E+19
  0.308221	 -0.1412252E+02	 -0.4271357E+00	 -0.1649053E+18	  0.7192590E+18	  0.3508216E+18	  0.2610935E+19
  0.308221	 -0.1279334E+02	 -0.3869347E+00	 -0.1503055E+18	  0.7355313E+18	  0.3606543E+18	  0.2675964E+19
  0.308221	 -0.1146416E+02	 -0.3467337E+00	 -0.1352992E+18	  0.7537420E+18	  0.3725521E+18	  0.2750064E+19
  0.308221	 -0.1013498E+02	 -0.3065327E+00	 -0.1188166E+18	  0.7742923E+18	  0.3792844E+18	  0.2834820E+19
  0.308221	 -0.8805805E+01	 -0.2663317E+00	 -0.1016584E+18	  0.7973908E+18	  0.3860425E+18	  0.2930712E+19
  0.308221	 -0.7476627E+01	 -0.2261307E+00	 -0.8392030E+17	  0.8228278E+18	  0.3935764E+18	  0.3037116E+19
  0.308221	 -0.6147449E+01	 -0.1859296E+00	 -0.6530977E+17	  0.8505642E+18	  0.4019346E+18	  0.3154987E+19
  0.308221	 -0.4818271E+01	 -0.1457286E+00	 -0.4553449E+17	  0.8814011E+18	  0.4107109E+18	  0.3287582E+19
  0.308221	 -0.3489093E+01	 -0.1055276E+00	 -0.2438579E+17	  0.9163324E+18	  0.4191193E+18	  0.3439189E+19
  0.308221	 -0.2159915E+01	 -0.6532663E-01	 -0.2096343E+16	  0.9554226E+18	  0.4278428E+18	  0.3613706E+19
  0.308221	 -0.8307363E+00	 -0.2512563E-01	  0.2069187E+17	  0.9862208E+18	  0.4377201E+18	  0.3780774E+19
  0.308221	  0.4984418E+00	  0.1507538E-01	  0.4307380E+17	  0.9843088E+18	  0.4460917E+18	  0.3806997E+19
  0.308221	  0.1827620E+01	  0.5527638E-01	  0.6412773E+17	  0.9557400E+18	  0.4498685E+18	  0.3650701E+19
  0.308221	  0.3156798E+01	  0.9547739E-01	  0.8409878E+17	  0.9095454E+18	  0.4539194E+18	  0.3465250E+19
  0.308221	  0.4485976E+01	  0.1356784E+00	  0.1029874E+18	  0.8671868E+18	  0.4593596E+18	  0.3303045E+19
  0.308221	  0.5815154E+01	  0.1758794E+00	  0.1203797E+18	  0.8293705E+18	  0.4666785E+18	  0.3161609E+19
  0.308221	  0.7144333E+01	  0.2160804E+00	  0.1359843E+18	  0.7952027E+18	  0.4742339E+18	  0.3036323E+19
  0.308221	  0.8473511E+01	  0.2562814E+00	  0.1505178E+18	  0.7637681E+18	  0.4808738E+18	  0.2923500E+19
  0.308221	  0.9802689E+01	  0.2964824E+00	  0.1644770E+18	  0.7349144E+18	  0.4869207E+18	  0.2821406E+19
  0.308221	  0.1113187E+02	  0.3366834E+00	  0.1782090E+18	  0.7088855E+18	  0.4931764E+18	  0.2730429E+19
  0.308221	  0.1246105E+02	  0.3768844E+00	  0.1916077E+18	  0.6855713E+18	  0.5078287E+18	  0.2650391E+19
  0.308221	  0.1379022E+02	  0.4170854E+00	  0.2041278E+18	  0.6645805E+18	  0.5197592E+18	  0.2579825E+19
  0.308221	  0.1511940E+02	  0.4572864E+00	  0.2152996E+18	  0.6455322E+18	  0.5338741E+18	  0.2516980E+19
  0.308221	  0.1644858E+02	  0.4974874E+00	  0.2248589E+18	  0.6281242E+18	  0.5498274E+18	  0.2460427E+19
  0.308221	  0.1777776E+02	  0.5376884E+00	  0.2340469E+18	  0.6121260E+18	  0.5648483E+18	  0.2409072E+19
  0.308221	  0.1910694E+02	  0.5778894E+00	  0.2425354E+18	  0.5973618E+18	  0.5783952E+18	  0.2362065E+19
  0.308221	  0.2043611E+02	  0.6180905E+00	  0.2516646E+18	  0.5836931E+18	  0.5864852E+18	  0.2318736E+19
  0.308221	  0.2176529E+02	  0.6582915E+00	  0.2645861E+18	  0.5709985E+18	  0.5685636E+18	  0.2278557E+19
  0.308221	  0.2309447E+02	  0.6984925E+00	  0.2828021E+18	  0.5591648E+18	  0.5638012E+18	  0.2241120E+19
  0.308221	  0.2442365E+02	  0.7386935E+00	  0.3084128E+18	  0.5481242E+18	  0.5540964E+18	  0.2206053E+19
  0.308221	  0.2575283E+02	  0.7788945E+00	  0.3426801E+18	  0.5378078E+18	  0.5368985E+18	  0.2173063E+19
  0.308221	  0.2708200E+02	  0.8190955E+00	  0.3848019E+18	  0.5281829E+18	  0.5117964E+18	  0.2141872E+19
  0.308221	  0.2841118E+02	  0.8592965E+00	  0.4313470E+18	  0.5192436E+18	  0.4798738E+18	  0.2112225E+19
  0.308221	  0.2974036E+02	  0.8994975E+00	  0.4798929E+18	  0.5109603E+18	  0.4331502E+18	  0.2083928E+19
  0.308221	  0.3106954E+02	  0.9396985E+00	  0.5307665E+18	  0.5033270E+18	  0.3728403E+18	  0.2056786E+19
  0.308221	  0.3239872E+02	  0.9798995E+00	  0.5841447E+18	  0.4963316E+18	  0.2973890E+18	  0.2030641E+19
  0.308221	  0.3372790E+02	  0.1020101E+01	  0.6369447E+18	  0.4899720E+18	  0.1934261E+18	  0.2005352E+19
  0.308221	  0.3505707E+02	  0.1060302E+01	  0.7127348E+18	  0.4840744E+18	  0.1347489E+18	  0.1980990E+19
  0.308221	  0.3638625E+02	  0.1100503E+01	  0.8151970E+18	  0.4786361E+18	  0.4254147E+17	  0.1957446E+19
  0.308221	  0.3771543E+02	  0.1140704E+01	  0.9486695E+18	  0.4736422E+18	 -0.9092348E+17	  0.1934658E+19
  0.308221	  0.3904461E+02	  0.1180905E+01	  0.1122058E+19	  0.4690990E+18	 -0.4442029E+18	  0.1912535E+19
  0.308221	  0.4037379E+02	  0.1221106E+01	  0.1347809E+19	  0.4648135E+18	 -0.6813096E+18	  0.1891234E+19
  0.308221	  0.4170296E+02	  0.1261307E+01	  0.1623807E+19	  0.4608374E+18	 -0.9556912E+18	  0.1870639E+19
  0.308221	  0.4303214E+02	  0.1301508E+01	  0.1927878E+19	  0.4573313E+18	 -0.1264012E+19	  0.1850499E+19
  0.308221	  0.4436132E+02	  0.1341709E+01	  0.2260299E+19	  0.4543497E+18	 -0.1619679E+19	  0.1830701E+19
  0.308221	  0.4569050E+02	  0.1381910E+01	  0.2532550E+19	  0.4519123E+18	 -0.2020795E+19	  0.1811183E+19
  0.308221	  0.4701968E+02	  0.1422111E+01	  0.2926921E+19	  0.4499849E+18	 -0.2474869E+19	  0.1791937E+19
  0.308221	  0.4834886E+02	  0.1462312E+01	  0.3379825E+19	  0.4484306E+18	 -0.2986838E+19	  0.1773067E+19
  0.308221	  0.4967803E+02	  0.1502513E+01	  0.3889387E+19	  0.4472334E+18	 -0.3554966E+19	  0.1754540E+19
  0.308221	  0.5100721E+02	  0.1542714E+01	  0.4460000E+19	  0.4463707E+18	 -0.4177876E+19	  0.1736331E+19
  0.308221	  0.5233639E+02	  0.1582915E+01	  0.5113275E+19	  0.4457433E+18	 -0.4835189E+19	  0.1718517E+19
  0.308221	  0.5366557E+02	  0.1623116E+01	  0.5840672E+19	  0.4452881E+18	 -0.5512399E+19	  0.1701133E+19
  0.308221	  0.5499475E+02	  0.1663317E+01	  0.6619191E+19	  0.4448795E+18	 -0.6225029E+19	  0.1684255E+19
  0.308221	  0.5632392E+02	  0.1703518E+01	  0.7446523E+19	  0.4444718E+18	 -0.6897336E+19	  0.1667888E+19
  0.308221	  0.5765310E+02	  0.1743719E+01	  0.8289020E+19	  0.4443173E+18	 -0.7546020E+19	  0.1651725E+19
  0.308221	  0.5898228E+02	  0.1783920E+01	  0.9098908E+19	  0.4443948E+18	 -0.8077003E+19	  0.1635765E+19
  0.308221	  0.6031146E+02	  0.1824121E+01	  0.9985700E+19	  0.4446541E+18	 -0.8579380E+19	  0.1620015E+19
  0.308221	  0.6164064E+02	  0.1864322E+01	  0.1081849E+20	  0.4446962E+18	 -0.9000727E+19	  0.1604907E+19
  0.308221	  0.6296982E+02	  0.1904523E+01	  0.1157486E+20	  0.4444075E+18	 -0.9342083E+19	  0.1590554E+19
  0.308221	  0.6429899E+02	  0.1944724E+01	  0.1251539E+20	  0.4438168E+18	 -0.9587247E+19	  0.1576905E+19
  0.308221	  0.6562817E+02	  0.1984925E+01	  0.1333370E+20	  0.4429313E+18	 -0.9682419E+19	  0.1563928E+19
  0.308221	  0.6695735E+02	  0.2025126E+01	  0.1397927E+20	  0.4444056E+18	 -0.9767076E+19	  0.1548534E+19
  0.308221	  0.6828653E+02	  0.2065327E+01	  0.1477063E+20	  0.4434614E+18	 -0.9638384E+19	  0.1536238E+19
  0.308221	  0.6961571E+02	  0.2105528E+01	  0.1551524E+20	  0.4417304E+18	 -0.9486219E+19	  0.1525139E+19
  0.308221	  0.7094488E+02	  0.2145729E+01	  0.1608529E+20	  0.4420654E+18	 -0.9248992E+19	  0.1511921E+19
  0.308221	  0.7227406E+02	  0.2185930E+01	  0.1674008E+20	  0.4410821E+18	 -0.8883137E+19	  0.1500489E+19
  0.308221	  0.7360324E+02	  0.2226131E+01	  0.1738503E+20	  0.4393687E+18	 -0.8437208E+19	  0.1490155E+19
  0.308221	  0.7493242E+02	  0.2266332E+01	  0.1797835E+20	  0.4368707E+18	 -0.7875546E+19	  0.1480970E+19
  0.308221	  0.7626160E+02	  0.2306533E+01	  0.1859755E+20	  0.4337244E+18	 -0.7233154E+19	  0.1472766E+19
  0.308221	  0.7759078E+02	  0.2346734E+01	  0.1990975E+20	  0.4300201E+18	 -0.6508037E+19	  0.1465432E+19
  0.308221	  0.7891995E+02	  0.2386935E+01	  0.2035842E+20	  0.4253458E+18	 -0.5679187E+19	  0.1459436E+19
  0.308221	  0.8024913E+02	  0.2427136E+01	  0.2054718E+20	  0.4192561E+18	 -0.4778246E+19	  0.1455287E+19
  0.308221	  0.8157831E+02	  0.2467337E+01	  0.2039049E+20	  0.4137873E+18	 -0.3856314E+19	  0.1450619E+19
  0.308221	  0.8290749E+02	  0.2507538E+01	  0.2039679E+20	  0.4018790E+18	 -0.2679661E+19	  0.1453605E+19
  0.308221	  0.8423667E+02	  0.2547739E+01	  0.2207627E+20	  0.3927879E+18	 -0.1525551E+19	  0.1453514E+19
  0.308221	  0.8556584E+02	  0.2587940E+01	  0.2237331E+20	  0.3855737E+18	 -0.3511502E+18	  0.1451427E+19
  0.308221	  0.8689502E+02	  0.2628141E+01	  0.2248686E+20	  0.3803409E+18	  0.7517930E+18	  0.1447217E+19
  0.308221	  0.8822420E+02	  0.2668342E+01	  0.2258041E+20	  0.3758629E+18	  0.1841841E+19	  0.1442300E+19
  0.308221	  0.8955338E+02	  0.2708543E+01	  0.2341961E+20	  0.3709092E+18	  0.2949435E+19	  0.1438095E+19
  0.308221	  0.9088256E+02	  0.2748744E+01	  0.2376248E+20	  0.3629990E+18	  0.4073937E+19	  0.1437475E+19
  0.308221	  0.9221173E+02	  0.2788945E+01	  0.2382173E+20	  0.3511875E+18	  0.5263644E+19	  0.1441532E+19
  0.308221	  0.9354091E+02	  0.2829146E+01	  0.2362575E+20	  0.3352830E+18	  0.6543078E+19	  0.1450483E+19
  0.308221	  0.9487009E+02	  0.2869347E+01	  0.2355332E+20	  0.3163899E+18	  0.7801102E+19	  0.1463044E+19
  0.308221	  0.9619927E+02	  0.2909548E+01	  0.2367033E+20	  0.2987218E+18	  0.9063481E+19	  0.1474327E+19
  0.308221	  0.9752845E+02	  0.2949749E+01	  0.2352026E+20	  0.2829269E+18	  0.1027237E+20	  0.1483574E+19
  0.308221	  0.9885763E+02	  0.2989950E+01	  0.2341626E+20	  0.2679508E+18	  0.1143529E+20	  0.1492004E+19
  0.308221	  0.1001868E+03	  0.3030151E+01	  0.2337361E+20	  0.2538896E+18	  0.1255809E+20	  0.1499501E+19
  0.308221	  0.1015160E+03	  0.3070352E+01	  0.2318103E+20	  0.2404766E+18	  0.1362766E+20	  0.1506370E+19
  0.308221	  0.1028452E+03	  0.3110553E+01	  0.2284714E+20	  0.2262912E+18	  0.1457890E+20	  0.1514256E+19
  0.308221	  0.1041743E+03	  0.3150754E+01	  0.2240520E+20	  0.2098899E+18	  0.1565202E+20	  0.1524831E+19
  0.308221	  0.1055035E+03	  0.3190955E+01	  0.2205115E+20	  0.1912711E+18	  0.1668537E+20	  0.1538092E+19
  0.308221	  0.1068327E+03	  0.3231156E+01	  0.2175759E+20	  0.1724704E+18	  0.1746624E+20	  0.1551677E+19
  0.308221	  0.1081619E+03	  0.3271357E+01	  0.2154732E+20	  0.1542639E+18	  0.1807720E+20	  0.1564681E+19
  0.308221	  0.1094911E+03	  0.3311558E+01	  0.2132917E+20	  0.1361529E+18	  0.1866168E+20	  0.1577680E+19
  0.308221	  0.1108202E+03	  0.3351759E+01	  0.2100461E+20	  0.1175393E+18	  0.1926055E+20	  0.1591365E+19
  0.308221	  0.1121494E+03	  0.3391960E+01	  0.2056770E+20	  0.9870965E+17	  0.1975171E+20	  0.1605401E+19
  0.308221	  0.1134786E+03	  0.3432161E+01	  0.2004027E+20	  0.8021296E+17	  0.2007723E+20	  0.1619149E+19
  0.308221	  0.1148078E+03	  0.3472362E+01	  0.1946683E+20	  0.6175014E+17	  0.2029165E+20	  0.1632951E+19
  0.308221	  0.1161369E+03	  0.3512563E+01	  0.1890784E+20	  0.4265314E+17	  0.2046487E+20	  0.1647581E+19
  0.308221	  0.1174661E+03	  0.3552764E+01	  0.1850838E+20	  0.2355868E+17	  0.2062660E+20	  0.1662298E+19
  0.308221	  0.1187953E+03	  0.3592965E+01	  0.1808679E+20	  0.5568048E+16	  0.2073573E+20	  0.1675821E+19
  0.308221	  0.1201245E+03	  0.3633166E+01	  0.1764412E+20	 -0.1173895E+17	  0.2077429E+20	  0.1688636E+19
  0.308221	  0.1214537E+03	  0.3673367E+01	  0.1715622E+20	 -0.2851240E+17	  0.2064845E+20	  0.1700913E+19
  0.308221	  0.1227828E+03	  0.3713568E+01	  0.1662994E+20	 -0.4489186E+17	  0.2037524E+20	  0.1712813E+19
  0.308221	  0.1241120E+03	  0.3753769E+01	  0.1608920E+20	 -0.6129038E+17	  0.2004893E+20	  0.1724812E+19
  0.308221	  0.1254412E+03	  0.3793970E+01	  0.1554888E+20	 -0.7765562E+17	  0.1968619E+20	  0.1736849E+19
  0.308221	  0.1267704E+03	  0.3834171E+01	  0.1501376E+20	 -0.9412153E+17	  0.1926118E+20	  0.1749077E+19
  0.308221	  0.1280995E+03	  0.3874372E+01	  0.1455023E+20	 -0.1110299E+18	  0.1877332E+20	  0.1761889E+19
  0.308221	  0.1294287E+03	  0.3914573E+01	  0.1412533E+20	 -0.1274135E+18	  0.1824009E+20	  0.1774162E+19
  0.308221	  0.1307579E+03	  0.3954774E+01	  0.1370691E+20	 -0.1430045E+18	  0.1769701E+20	  0.1785582E+19
  0.308221	  0.1320871E+03	  0.3994975E+01	  0.1329468E+20	 -0.1577384E+18	  0.1720342E+20	  0.1796072E+19
  0.308221	  0.1334163E+03	  0.4035176E+01	  0.1278059E+20	 -0.1715364E+18	  0.1664045E+20	  0.1805541E+19
  0.308221	  0.1347454E+03	  0.4075377E+01	  0.1231418E+20	 -0.1846124E+18	  0.1597099E+20	  0.1814234E+19
  0.308221	  0.1360746E+03	  0.4115578E+01	  0.1184760E+20	 -0.1973210E+18	  0.1524018E+20	  0.1822563E+19
  0.308221	  0.1374038E+03	  0.4155779E+01	  0.1144187E+20	 -0.2100255E+18	  0.1444696E+20	  0.1830946E+19
  0.308221	  0.1387330E+03	  0.4195980E+01	  0.1108804E+20	 -0.2227873E+18	  0.1368850E+20	  0.1839452E+19
  0.308221	  0.1400621E+03	  0.4236181E+01	  0.1048935E+20	 -0.2356280E+18	  0.1299379E+20	  0.1848106E+19
  0.308221	  0.1413913E+03	  0.4276382E+01	  0.1008358E+20	 -0.2477965E+18	  0.1231312E+20	  0.1856033E+19
  0.308221	  0.1427205E+03	  0.4316583E+01	  0.9750179E+19	 -0.2596680E+18	  0.1154298E+20	  0.1863668E+19
  0.308221	  0.1440497E+03	  0.4356784E+01	  0.9495369E+19	 -0.2709971E+18	  0.1058666E+20	  0.1870723E+19
  0.308221	  0.1453789E+03	  0.4396985E+01	  0.9338262E+19	 -0.2817911E+18	  0.1004405E+20	  0.1877208E+19
  0.308221	  0.1467080E+03	  0.4437186E+01	  0.9042589E+19	 -0.2923941E+18	  0.9096671E+19	  0.1883519E+19
  0.308221	  0.1480372E+03	  0.4477387E+01	  0.8748175E+19	 -0.3029106E+18	  0.8297354E+19	  0.1889778E+19
  0.308221	  0.1493664E+03	  0.4517588E+01	  0.8471288E+19	 -0.3124581E+18	  0.7520226E+19	  0.1894958E+19
  0.308221	  0.1506956E+03	  0.4557789E+01	  0.8218135E+19	 -0.3221048E+18	  0.6738127E+19	  0.1900300E+19
  0.308221	  0.1520248E+03	  0.4597990E+01	  0.7981735E+19	 -0.3317374E+18	  0.5964385E+19	  0.1905671E+19
  0.308221	  0.1533539E+03	  0.4638191E+01	  0.7737492E+19	 -0.3413250E+18	  0.5220792E+19	  0.1911035E+19
  0.308221	  0.1546831E+03	  0.4678392E+01	  0.7508914E+19	 -0.3508697E+18	  0.4436332E+19	  0.1916392E+19
  0.308221	  0.1560123E+03	  0.4718593E+01	  0.7246386E+19	 -0.3602753E+18	  0.3732201E+19	  0.1921630E+19
  0.308221	  0.1573415E+03	  0.4758794E+01	  0.7026445E+19	 -0.3693974E+18	  0.3001168E+19	  0.1926580E+19
  0.308221	  0.1586706E+03	  0.4798995E+01	  0.6840100E+19	 -0.3775646E+18	  0.2313677E+19	  0.1930460E+19
  0.308221	  0.1599998E+03	  0.4839196E+01	  0.6792386E+19	 -0.3860269E+18	  0.1640780E+19	  0.1934724E+19
  0.308221	  0.1613290E+03	  0.4879397E+01	  0.6625358E+19	 -0.3943431E+18	  0.9533015E+18	  0.1938858E+19
  0.308221	  0.1626582E+03	  0.4919598E+01	  0.6479725E+19	 -0.4024946E+18	  0.2847419E+18	  0.1942839E+19
  0.308221	  0.1639874E+03	  0.4959799E+01	  0.6357714E+19	 -0.4104606E+18	 -0.3504027E+18	  0.1946643E+19
  0.308221	  0.1653165E+03	  0.5000000E+01	  0.6251419E+19	 -0.4182604E+18	 -0.9610963E+18	  0.1950291E+19
